CHR BP Allele1 Allele2 Effect StdErr Pvalue Zscore Posterior_Prob
1 222158301 t c 0.0051 0.0075 0.5017 -0.68 0.00000e+00
1 222216510 a c -0.0027 0.0057 0.6381 -0.4736842105263158 1.03624e-01
1 222377098 t c -0.0483 0.0196 0.01391 -2.4642857142857144 9.11340e-01
1 222390548 a g 0.0044 0.006 0.4577 0.7333333333333334 1.31544e-01
1 222472327 a g -0.0396 0.0367 0.2802 1.0790190735694822 9.52680e-02
1 222535684 t c -0.0331 0.0145 0.02195 2.282758620689655 2.10628e-01
1 222646927 a g -0.0488 0.0081 2.026e-09 -6.024691358024692 9.97712e-01
1 222714941 a g -0.0099 0.0064 0.1228 1.546875 1.11212e-01
1 222756807 a c 0.0544 0.0081 1.74e-11 -6.716049382716049 7.51988e-01
1 222780592 t c -0.032 0.0149 0.03153 2.1476510067114094 1.08500e-01
1 222782416 a g -0.0463 0.0071 5.966e-11 6.52112676056338 2.12968e-01
1 222859490 a g 0.0622 0.0063 4.466e-23 9.873015873015873 9.99980e-01
1 223000491 t c -0.0105 0.0083 0.2083 1.2650602409638554 9.90800e-02
1 223095728 a g 0.018 0.0103 0.08219 1.7475728155339805 1.55540e-01
1 223214445 a g 0.0155 0.0218 0.4775 0.7110091743119266 1.62484e-01
1 223223231 t c -0.0137 0.0067 0.04096 2.044776119402985 1.13896e-01
1 223250306 t g -0.0107 0.0063 0.08961 1.6984126984126984 1.19468e-01
1 223262151 a c -0.0068 0.006 0.2524 1.1333333333333333 1.19520e-01
1 223272919 t c 0.0075 0.0062 0.2226 1.2096774193548387 1.33236e-01
1 223282036 a g -0.0102 0.0058 0.07747 1.7586206896551726 1.72592e-01
1 223287525 a g -0.0085 0.0057 0.1393 1.4912280701754386 1.55432e-01
1 223315942 a g -0.019 0.0135 0.1597 1.4074074074074074 4.78212e-01
1 223328220 a g -0.0073 0.0153 0.6332 0.477124183006536 2.08200e-01
1 223349930 a g 0.0086 0.0062 0.1653 -1.3870967741935485 1.27004e-01
1 223371778 a g 0.0137 0.0316 0.6647 0.43354430379746833 1.07284e-01
1 56494954 a g -0.0061 0.0176 0.7282 0.3465909090909091 7.72600e-02
1 56737826 a g -0.0166 0.0076 0.02801 -2.1842105263157894 4.10452e-01
1 56759828 a g -0.017 0.0136 0.211 -1.2500000000000002 1.93856e-01
1 56781351 a g 0.0271 0.0137 0.04822 -1.9781021897810218 7.65668e-01
1 56813606 t c 0.0111 0.0094 0.2362 1.1808510638297873 5.90400e-01
1 56871897 a g 0.0313 0.0065 1.323e-06 4.815384615384616 9.99980e-01
1 56916499 a g -0.0689 0.0088 5.054e-15 7.829545454545454 4.00212e-01
1 56940914 t c 0.074 0.0092 7.541e-16 8.043478260869565 9.19220e-01
1 56944505 a g 0.0109 0.0365 0.7655 0.29863013698630136 8.05400e-02
1 57070849 t c -0.0011 0.0058 0.8478 0.18965517241379312 1.14020e-01
1 57076138 t c -0.0033 0.0057 0.5645 -0.5789473684210527 1.01772e-01
1 57133862 a g 0.0126 0.0206 0.5413 -0.6116504854368932 7.25480e-02
1 57151954 t g -0.0056 0.0056 0.3165 -1.0 1.08312e-01
1 57285266 a g 0.0056 0.0255 0.8256 0.21960784313725493 0.00000e+00
1 57377497 t c -0.0039 0.012 0.7443 -0.32499999999999996 8.06680e-02
1 57379429 t g -0.0045 0.0162 0.7793 -0.2777777777777778 8.42920e-02
1 57406392 t c 0.0038 0.0056 0.4973 -0.6785714285714286 1.20912e-01
1 153919756 t g -0.0031 0.0061 0.614 0.5081967213114753 9.00280e-02
1 153980904 t g 0.0031 0.0057 0.5924 -0.5438596491228069 1.23860e-01
1 154320196 t c -0.018 0.0082 0.02903 2.195121951219512 1.03356e-01
1 154346153 t c 0.0039 0.0058 0.4923 0.6724137931034483 9.00120e-02
1 154394966 t c 0.0067 0.0078 0.3951 -0.858974358974359 8.75264e-01
1 154418749 t c -0.0376 0.0057 4.289e-11 -6.5964912280701755 9.99980e-01
1 154513440 t c -0.0249 0.007 0.0004002 3.557142857142857 1.36524e-01
1 154517217 t c -0.0244 0.0071 0.0005296 3.436619718309859 1.24952e-01
1 154567449 a g 0.004 0.0125 0.747 0.32 9.11120e-02
1 154594690 a g 0.0186 0.0056 0.0008975 -3.321428571428571 3.34456e-01
1 154596551 t c 0.0132 0.0068 0.05148 1.9411764705882353 1.23408e-01
1 154643382 a g -0.0001 0.0072 0.9934 -0.01388888888888889 1.42840e-01
1 154679567 t c 0.0005 0.0094 0.9602 0.05319148936170213 0.00000e+00
1 151602015 a g -0.0063 0.0057 0.2673 1.1052631578947367 1.06580e-01
1 151760131 t c -0.0489 0.0078 3.476e-10 6.269230769230769 9.99980e-01
1 151770603 a g 0.0105 0.0059 0.07626 1.7796610169491527 0.00000e+00
1 151859121 a g -0.1152 0.0424 0.006529 2.7169811320754715 6.55504e-01
1 151904063 t c 0.0132 0.023 0.5665 0.5739130434782609 1.02056e-01
1 151925939 a c 0.0017 0.0214 0.9348 -0.0794392523364486 9.72040e-02
1 151952065 t g 0.0098 0.01 0.3298 0.98 1.67948e-01
1 152038570 t c 0.0062 0.02 0.7556 -0.31 1.03548e-01
1 152062750 a g -0.0013 0.0135 0.9205 0.0962962962962963 9.65800e-02
1 168712628 a c 0.0238 0.0193 0.2172 1.233160621761658 1.98352e-01
1 168718204 a c 0.0279 0.0197 0.1579 1.4162436548223352 2.26844e-01
1 168722270 t g -0.0625 0.0199 0.001663 3.1407035175879394 7.81128e-01
1 168727013 t g 0.0092 0.0056 0.102 1.6428571428571428 2.25784e-01
1 168851940 a g -0.0027 0.0065 0.6735 0.4153846153846154 1.77180e-01
1 168889175 a g -0.0255 0.0213 0.2325 1.1971830985915493 3.04144e-01
1 168925392 t c -0.0056 0.0168 0.7363 0.33333333333333337 1.43684e-01
1 168932653 t g -0.0042 0.0078 0.5881 0.5384615384615384 1.81360e-01
1 169022389 t c 0.0072 0.0092 0.4315 -0.782608695652174 1.94196e-01
1 169033807 t c -0.009 0.0062 0.1461 1.4516129032258065 3.00832e-01
1 169102690 t c 0.0251 0.0056 8.581e-06 -4.482142857142858 0.00000e+00
1 169126558 t c 0.0269 0.0057 2.771e-06 -4.719298245614035 2.64640e-01
1 169156805 a c 0.0273 0.0057 1.96e-06 -4.7894736842105265 2.63736e-01
1 169173497 t g 0.0024 0.0128 0.8517 -0.18749999999999997 1.88384e-01
1 169207360 a c -0.0291 0.0052 2.842e-08 -5.596153846153847 8.39792e-01
1 169263614 t c -0.032 0.0061 1.844e-07 -5.245901639344262 4.78560e-01
1 169266130 a g 0.0139 0.0058 0.0161 -2.396551724137931 2.28052e-01
1 169298782 a g 0.0151 0.0301 0.6175 0.5016611295681064 1.46488e-01
1 169330062 a g 0.0291 0.0088 0.0009962 3.3068181818181817 4.80304e-01
1 169405366 t c -0.0126 0.0058 0.02956 -2.1724137931034484 2.02240e-01
1 169455008 a g -0.0041 0.0089 0.641 -0.4606741573033708 0.00000e+00
1 169490772 a g 0.0063 0.007 0.3714 0.9 1.61224e-01
1 169504322 t c -0.0056 0.0121 0.6432 -0.4628099173553719 2.64124e-01
1 169547407 a c 0.0098 0.0103 0.3421 -0.9514563106796116 1.79288e-01
1 169639211 a g -0.0101 0.0067 0.1295 1.507462686567164 2.64088e-01
1 169674403 t g -0.0209 0.0096 0.02866 -2.1770833333333335 4.60216e-01
1 169707103 t c 0.0203 0.0096 0.03431 -2.1145833333333335 4.32504e-01
2 203360745 a g -0.0011 0.0083 0.8981 -0.13253012048192772 1.57500e-01
2 203387331 t c -0.0005 0.0084 0.9535 -0.05952380952380953 1.72220e-01
2 203420712 a g -0.0088 0.0169 0.602 -0.5207100591715977 0.00000e+00
2 203465357 t c -0.0299 0.0095 0.001613 -3.1473684210526316 2.05836e-01
2 203627887 t c 0.0343 0.0063 4.42e-08 5.444444444444444 8.81600e-02
2 203663498 a g 0.1031 0.0089 4.17e-31 11.584269662921349 2.48468e-01
2 203746816 a g -0.1032 0.0089 2.178e-31 11.595505617977528 2.48888e-01
2 203855342 t c 0.105 0.0089 2.463e-32 11.797752808988763 5.99280e-01
2 203861954 t c -0.1049 0.0089 2.624e-32 11.786516853932584 5.55552e-01
2 203882558 t c -0.0212 0.0058 0.0002741 -3.6551724137931036 1.28056e-01
2 203896657 t g 0.0125 0.0215 0.5624 0.5813953488372093 9.27840e-02
2 203991488 a g 0.0192 0.0057 0.0008137 -3.3684210526315783 1.00772e-01
2 204161222 a g 0.0713 0.0696 0.3056 1.024425287356322 0.00000e+00
2 204212506 t g 0.0216 0.0269 0.4219 -0.8029739776951673 6.37640e-02
2 20803756 t c 0.0114 0.0074 0.1259 1.5405405405405406 1.55900e-01
2 20818458 a g -0.0005 0.0062 0.9341 -0.08064516129032258 0.00000e+00
2 20832682 t c 0.0282 0.0226 0.2109 1.247787610619469 2.25400e-01
2 21068349 t g -0.0254 0.0113 0.02471 2.247787610619469 6.29088e-01
2 21291312 t c -0.0524 0.0074 1.207e-12 7.081081081081081 4.51724e-01
2 21334975 a c 0.0256 0.0394 0.5164 0.6497461928934011 9.56040e-02
2 21350324 a g 0.0257 0.0056 4.943e-06 4.589285714285714 4.85532e-01
2 21383982 a g -0.0473 0.0071 3.005e-11 6.661971830985915 2.96652e-01
2 21385649 t c 0.0478 0.0064 1.169e-13 7.46875 9.24528e-01
2 21391531 a g 0.0471 0.0071 3.847e-11 6.633802816901408 2.72640e-01
2 21409717 a g -0.0369 0.0066 2.219e-08 5.590909090909092 1.94460e-01
2 21478669 t g 0.0214 0.0116 0.0656 -1.8448275862068966 1.26148e-01
2 21653680 a g -0.0056 0.006 0.3562 0.9333333333333333 1.09528e-01
2 21688773 t c -0.0008 0.0137 0.9543 -0.058394160583941604 9.89640e-02
2 21750905 t c -0.012 0.0198 0.5443 -0.6060606060606061 1.12000e-01
2 21848629 a c -0.0041 0.0184 0.8223 -0.22282608695652176 9.41320e-02
2 145493137 a g -0.0044 0.006 0.4648 -0.7333333333333334 1.19016e-01
2 145710234 a g 0.0041 0.0088 0.642 -0.46590909090909094 1.07964e-01
2 145712939 a g 0.0403 0.0303 0.1831 1.33003300330033 9.52320e-02
2 145731012 a g -0.0586 0.0168 0.0004727 3.488095238095238 3.10920e-01
2 145780390 a g -0.0386 0.0233 0.09844 1.6566523605150214 1.31304e-01
2 145839655 t g 0.0443 0.0062 1.177e-12 7.145161290322581 9.99980e-01
2 145882455 t c 0.0187 0.0068 0.006011 -2.7500000000000004 1.03620e-01
2 146134240 t c 0.0218 0.0097 0.02503 -2.247422680412371 2.69364e-01
2 146141390 a g -0.006 0.0072 0.4052 -0.8333333333333334 1.00512e-01
2 146144689 t c -0.0208 0.0097 0.03184 -2.1443298969072164 2.58640e-01
2 146292105 t g 0.011 0.0143 0.4418 0.7692307692307692 9.04840e-02
2 85405032 a g 0.0089 0.006 0.1378 -1.4833333333333334 1.34632e-01
2 85446444 a g -0.0159 0.0141 0.2596 1.1276595744680853 2.00140e-01
2 85483061 a g -0.0049 0.0265 0.852 -0.18490566037735848 1.59044e-01
2 85491420 t c 0.017 0.0057 0.002816 -2.982456140350877 8.99460e-01
2 85495483 t c 0.0651 0.024 0.006761 2.7125000000000004 5.99676e-01
2 85507334 t c 0.0022 0.0062 0.728 -0.3548387096774194 1.45532e-01
2 85521105 a c -0.0132 0.0058 0.02333 -2.2758620689655173 3.59712e-01
2 85533227 a g 0.0117 0.0135 0.3887 0.8666666666666667 2.49984e-01
2 85560961 t c -0.0039 0.0151 0.7955 -0.2582781456953642 1.33340e-01
2 85573726 a c -0.013 0.0253 0.6072 0.5138339920948617 2.24128e-01
2 85628983 t c 0.004 0.0083 0.6282 0.4819277108433735 0.00000e+00
2 85725737 t c 0.0322 0.0152 0.03458 2.1184210526315788 4.09052e-01
2 85783205 a c -0.03 0.0214 0.1604 1.4018691588785046 0.00000e+00
2 85796407 t c 0.05 0.007 1.228e-12 7.142857142857143 9.99980e-01
2 85854476 t c -0.0354 0.0059 2.423e-09 6.0 9.95564e-01
2 86044144 a c 0.0235 0.0124 0.05846 -1.8951612903225807 2.52684e-01
2 86051597 t c -0.0139 0.0059 0.01817 2.3559322033898304 0.00000e+00
2 86059555 a g -0.0124 0.0067 0.06513 1.8507462686567162 1.32644e-01
2 86099691 a g 0.0179 0.0057 0.001543 -3.140350877192982 3.44780e-01
2 86107840 a g -0.0178 0.0057 0.001621 -3.1228070175438596 3.48676e-01
2 86119187 a c -0.0185 0.0061 0.002326 -3.0327868852459012 2.98716e-01
2 86156244 a g 0.02 0.0061 0.001133 3.2786885245901636 7.15684e-01
2 86222811 t c 0.0064 0.0149 0.6691 0.4295302013422819 1.64780e-01
2 86238994 t c 0.0114 0.0143 0.4265 0.7972027972027972 2.02076e-01
2 86273116 t c -0.0105 0.0141 0.4583 0.7446808510638299 1.97504e-01
2 86309421 t c 0.0166 0.0182 0.3617 0.9120879120879121 0.00000e+00
2 86343316 a g -0.0176 0.0078 0.02403 -2.256410256410257 5.19736e-01
2 164452687 t c -0.0152 0.0241 0.5269 0.6307053941908713 1.68264e-01
2 164481868 a g -0.0097 0.0066 0.1448 1.4696969696969697 2.78124e-01
2 164485965 t g -0.0475 0.0339 0.1611 -1.40117994100295 2.58332e-01
2 164501634 a g 0.0437 0.0317 0.1691 -1.3785488958990537 2.46712e-01
2 164514239 t c -0.0022 0.0065 0.7337 0.3384615384615385 1.44200e-01
2 164553705 a g 0.0147 0.0357 0.6795 0.4117647058823529 1.55500e-01
2 164807773 t c -0.0201 0.006 0.0008108 -3.35 5.86840e-01
2 164829281 t c -0.029 0.0458 0.5277 0.6331877729257642 1.64592e-01
2 164864490 a c 0.0118 0.0064 0.06523 -1.8437499999999998 4.64220e-01
2 164941139 a c 0.0094 0.0052 0.07189 1.807692307692308 1.88824e-01
2 165034387 t c 0.0392 0.012 0.001053 -3.2666666666666666 2.54528e-01
2 165044458 a g 0.0322 0.0064 4.988e-07 -5.03125 9.96624e-01
2 165105602 t c 0.0717 0.0327 0.02831 2.1926605504587156 3.90660e-01
2 165136916 t c -0.0061 0.0106 0.5642 0.5754716981132075 1.62744e-01
2 165142920 t c 0.001 0.0188 0.9575 -0.05319148936170213 1.47896e-01
2 165272816 a g 0.0061 0.0084 0.4692 0.7261904761904763 1.59052e-01
2 165335070 a g 0.0005 0.006 0.9396 -0.08333333333333333 1.84864e-01
2 165422862 a g -0.0076 0.0068 0.2608 1.1176470588235294 2.51088e-01
