CHR BP Allele1 Allele2 Effect StdErr Pvalue Zscore Posterior_Prob
1 151760131 t c -0.0489 0.0078 3.476e-10 6.269230769230769 9.99980e-01
1 154418749 t c -0.0376 0.0057 4.289e-11 -6.5964912280701755 9.99980e-01
1 222859490 a g 0.0622 0.0063 4.466e-23 9.873015873015873 9.99980e-01
1 56871897 a g 0.0313 0.0065 1.323e-06 4.815384615384616 9.99980e-01
2 145839655 t g 0.0443 0.0062 1.177e-12 7.145161290322581 9.99980e-01
2 85796407 t c 0.05 0.007 1.228e-12 7.142857142857143 9.99980e-01
1 222646927 a g -0.0488 0.0081 2.026e-09 -6.024691358024692 9.97712e-01
2 165044458 a g 0.0322 0.0064 4.988e-07 -5.03125 9.96624e-01
2 85854476 t c -0.0354 0.0059 2.423e-09 6.0 9.95564e-01
2 21385649 t c 0.0478 0.0064 1.169e-13 7.46875 9.24528e-01
1 56940914 t c 0.074 0.0092 7.541e-16 8.043478260869565 9.19220e-01
1 222377098 t c -0.0483 0.0196 0.01391 -2.4642857142857144 9.11340e-01
2 85491420 t c 0.017 0.0057 0.002816 -2.982456140350877 8.99460e-01
1 154394966 t c 0.0067 0.0078 0.3951 -0.858974358974359 8.75264e-01
1 169207360 a c -0.0291 0.0052 2.842e-08 -5.596153846153847 8.39792e-01
1 168722270 t g -0.0625 0.0199 0.001663 3.1407035175879394 7.81128e-01
1 56781351 a g 0.0271 0.0137 0.04822 -1.9781021897810218 7.65668e-01
1 222756807 a c 0.0544 0.0081 1.74e-11 -6.716049382716049 7.51988e-01
2 86156244 a g 0.02 0.0061 0.001133 3.2786885245901636 7.15684e-01
1 151859121 a g -0.1152 0.0424 0.006529 2.7169811320754715 6.55504e-01
2 21068349 t g -0.0254 0.0113 0.02471 2.247787610619469 6.29088e-01
2 85495483 t c 0.0651 0.024 0.006761 2.7125000000000004 5.99676e-01
2 203855342 t c 0.105 0.0089 2.463e-32 11.797752808988763 5.99280e-01
1 56813606 t c 0.0111 0.0094 0.2362 1.1808510638297873 5.90400e-01
2 164807773 t c -0.0201 0.006 0.0008108 -3.35 5.86840e-01
2 203861954 t c -0.1049 0.0089 2.624e-32 11.786516853932584 5.55552e-01
2 86343316 a g -0.0176 0.0078 0.02403 -2.256410256410257 5.19736e-01
2 21350324 a g 0.0257 0.0056 4.943e-06 4.589285714285714 4.85532e-01
1 169330062 a g 0.0291 0.0088 0.0009962 3.3068181818181817 4.80304e-01
1 169263614 t c -0.032 0.0061 1.844e-07 -5.245901639344262 4.78560e-01
1 223315942 a g -0.019 0.0135 0.1597 1.4074074074074074 4.78212e-01
2 164864490 a c 0.0118 0.0064 0.06523 -1.8437499999999998 4.64220e-01
1 169674403 t g -0.0209 0.0096 0.02866 -2.1770833333333335 4.60216e-01
2 21291312 t c -0.0524 0.0074 1.207e-12 7.081081081081081 4.51724e-01
1 169707103 t c 0.0203 0.0096 0.03431 -2.1145833333333335 4.32504e-01
1 56737826 a g -0.0166 0.0076 0.02801 -2.1842105263157894 4.10452e-01
2 85725737 t c 0.0322 0.0152 0.03458 2.1184210526315788 4.09052e-01
1 56916499 a g -0.0689 0.0088 5.054e-15 7.829545454545454 4.00212e-01
2 165105602 t c 0.0717 0.0327 0.02831 2.1926605504587156 3.90660e-01
2 85521105 a c -0.0132 0.0058 0.02333 -2.2758620689655173 3.59712e-01
2 86107840 a g -0.0178 0.0057 0.001621 -3.1228070175438596 3.48676e-01
2 86099691 a g 0.0179 0.0057 0.001543 -3.140350877192982 3.44780e-01
1 154594690 a g 0.0186 0.0056 0.0008975 -3.321428571428571 3.34456e-01
2 145731012 a g -0.0586 0.0168 0.0004727 3.488095238095238 3.10920e-01
1 168889175 a g -0.0255 0.0213 0.2325 1.1971830985915493 3.04144e-01
1 169033807 t c -0.009 0.0062 0.1461 1.4516129032258065 3.00832e-01
2 86119187 a c -0.0185 0.0061 0.002326 -3.0327868852459012 2.98716e-01
2 21383982 a g -0.0473 0.0071 3.005e-11 6.661971830985915 2.96652e-01
2 164481868 a g -0.0097 0.0066 0.1448 1.4696969696969697 2.78124e-01
2 21391531 a g 0.0471 0.0071 3.847e-11 6.633802816901408 2.72640e-01
2 146134240 t c 0.0218 0.0097 0.02503 -2.247422680412371 2.69364e-01
1 169126558 t c 0.0269 0.0057 2.771e-06 -4.719298245614035 2.64640e-01
1 169504322 t c -0.0056 0.0121 0.6432 -0.4628099173553719 2.64124e-01
1 169639211 a g -0.0101 0.0067 0.1295 1.507462686567164 2.64088e-01
1 169156805 a c 0.0273 0.0057 1.96e-06 -4.7894736842105265 2.63736e-01
2 146144689 t c -0.0208 0.0097 0.03184 -2.1443298969072164 2.58640e-01
2 164485965 t g -0.0475 0.0339 0.1611 -1.40117994100295 2.58332e-01
2 165034387 t c 0.0392 0.012 0.001053 -3.2666666666666666 2.54528e-01
2 86044144 a c 0.0235 0.0124 0.05846 -1.8951612903225807 2.52684e-01
2 165422862 a g -0.0076 0.0068 0.2608 1.1176470588235294 2.51088e-01
2 85533227 a g 0.0117 0.0135 0.3887 0.8666666666666667 2.49984e-01
2 203746816 a g -0.1032 0.0089 2.178e-31 11.595505617977528 2.48888e-01
2 203663498 a g 0.1031 0.0089 4.17e-31 11.584269662921349 2.48468e-01
2 164501634 a g 0.0437 0.0317 0.1691 -1.3785488958990537 2.46712e-01
1 169266130 a g 0.0139 0.0058 0.0161 -2.396551724137931 2.28052e-01
1 168718204 a c 0.0279 0.0197 0.1579 1.4162436548223352 2.26844e-01
1 168727013 t g 0.0092 0.0056 0.102 1.6428571428571428 2.25784e-01
2 20832682 t c 0.0282 0.0226 0.2109 1.247787610619469 2.25400e-01
2 85573726 a c -0.013 0.0253 0.6072 0.5138339920948617 2.24128e-01
1 222782416 a g -0.0463 0.0071 5.966e-11 6.52112676056338 2.12968e-01
1 222535684 t c -0.0331 0.0145 0.02195 2.282758620689655 2.10628e-01
1 223328220 a g -0.0073 0.0153 0.6332 0.477124183006536 2.08200e-01
2 203465357 t c -0.0299 0.0095 0.001613 -3.1473684210526316 2.05836e-01
1 169405366 t c -0.0126 0.0058 0.02956 -2.1724137931034484 2.02240e-01
2 86238994 t c 0.0114 0.0143 0.4265 0.7972027972027972 2.02076e-01
2 85446444 a g -0.0159 0.0141 0.2596 1.1276595744680853 2.00140e-01
1 168712628 a c 0.0238 0.0193 0.2172 1.233160621761658 1.98352e-01
2 86273116 t c -0.0105 0.0141 0.4583 0.7446808510638299 1.97504e-01
2 21409717 a g -0.0369 0.0066 2.219e-08 5.590909090909092 1.94460e-01
1 169022389 t c 0.0072 0.0092 0.4315 -0.782608695652174 1.94196e-01
1 56759828 a g -0.017 0.0136 0.211 -1.2500000000000002 1.93856e-01
2 164941139 a c 0.0094 0.0052 0.07189 1.807692307692308 1.88824e-01
1 169173497 t g 0.0024 0.0128 0.8517 -0.18749999999999997 1.88384e-01
2 165335070 a g 0.0005 0.006 0.9396 -0.08333333333333333 1.84864e-01
1 168932653 t g -0.0042 0.0078 0.5881 0.5384615384615384 1.81360e-01
1 169547407 a c 0.0098 0.0103 0.3421 -0.9514563106796116 1.79288e-01
1 168851940 a g -0.0027 0.0065 0.6735 0.4153846153846154 1.77180e-01
1 223282036 a g -0.0102 0.0058 0.07747 1.7586206896551726 1.72592e-01
2 203387331 t c -0.0005 0.0084 0.9535 -0.05952380952380953 1.72220e-01
2 164452687 t c -0.0152 0.0241 0.5269 0.6307053941908713 1.68264e-01
1 151952065 t g 0.0098 0.01 0.3298 0.98 1.67948e-01
2 86222811 t c 0.0064 0.0149 0.6691 0.4295302013422819 1.64780e-01
2 164829281 t c -0.029 0.0458 0.5277 0.6331877729257642 1.64592e-01
2 165136916 t c -0.0061 0.0106 0.5642 0.5754716981132075 1.62744e-01
1 223214445 a g 0.0155 0.0218 0.4775 0.7110091743119266 1.62484e-01
1 169490772 a g 0.0063 0.007 0.3714 0.9 1.61224e-01
2 165272816 a g 0.0061 0.0084 0.4692 0.7261904761904763 1.59052e-01
2 85483061 a g -0.0049 0.0265 0.852 -0.18490566037735848 1.59044e-01
2 203360745 a g -0.0011 0.0083 0.8981 -0.13253012048192772 1.57500e-01
2 20803756 t c 0.0114 0.0074 0.1259 1.5405405405405406 1.55900e-01
