Chr BP Allele1 Allele2 Effect StdErr Pvalue Zscore
2 145208367 t c -0.0134 0.0058 0.02088 -2.3103448275862073
2 145256928 t c 0.0069 0.0118 0.5605 0.5847457627118644
2 145446205 a g 0.0031 0.0066 0.6375 0.46969696969696967
2 145586339 a g 0.0 0.0063 0.994 0.0
2 145614935 a t 0.0203 0.0091 0.02487 2.2307692307692304
2 145676237 a t 0.0085 0.0132 0.5211 0.643939393939394
2 145697381 a g 0.035 0.0299 0.2418 1.1705685618729098
2 145703652 a g 0.033 0.0057 6.859e-09 5.7894736842105265
2 145713266 a g -0.0118 0.0137 0.3927 -0.8613138686131386
2 145737423 t c 0.0089 0.0263 0.7362 0.33840304182509506
2 145739060 a c -0.0085 0.0258 0.7421 -0.3294573643410853
2 145756260 c g 0.0367 0.006 1.236e-09 6.116666666666667
2 145769943 t g 0.0091 0.0099 0.3581 0.9191919191919191
2 145777814 t g 0.0182 0.0058 0.001635 3.137931034482759
2 145863629 t c 0.0043 0.0172 0.805 0.25
2 146022695 a t -0.0075 0.0059 0.1983 -1.271186440677966
2 146111971 t c 0.0035 0.007 0.6204 0.5
2 146244452 t g 0.0089 0.0157 0.57 0.5668789808917198
