Chr BP Allele1 Allele2 Effect StdErr Pvalue Zscore
3 14751296 a g 0.0042 0.0098 0.6705 0.42857142857142855
3 14549462 t c -0.0106 0.0218 0.6254 -0.48623853211009177
3 14449542 a g -0.0059 0.0067 0.3761 -0.8805970149253731
3 15199749 a c -0.0076 0.0103 0.4617 -0.7378640776699029
3 14914965 a g -0.0237 0.0084 0.004745 -2.8214285714285716
3 14376226 t c -0.0162 0.0198 0.4146 -0.8181818181818181
3 14856691 t c -0.0503 0.0086 4.896e-09 -5.848837209302325
3 15321396 c g 0.0175 0.0062 0.004502 2.8225806451612905
3 14608862 a g -0.0052 0.0082 0.524 -0.6341463414634145
3 14938030 t c -0.0508 0.0191 0.007676 -2.6596858638743455
3 14704235 a g 0.0004 0.0057 0.9406 0.07017543859649122
3 14358961 a t -0.0039 0.0081 0.627 -0.4814814814814815
3 14825254 a g -0.0066 0.0061 0.2807 -1.081967213114754
3 14599600 c g 0.0119 0.0105 0.2577 1.1333333333333333
3 15347240 a g 0.0329 0.04 0.4107 0.8224999999999999
3 14378816 a g 0.0093 0.025 0.7115 0.37199999999999994
3 14559806 a g -0.007 0.0108 0.517 -0.6481481481481481
3 14407232 a t 0.0061 0.0166 0.7138 0.3674698795180723
3 14639245 c g -0.0108 0.018 0.5467 -0.6000000000000001
3 14442156 c g 0.004 0.0058 0.499 0.6896551724137931
