Chr BP Allele1 Allele2 Effect StdErr Pvalue Zscore
8 21607231 a g 0.0287 0.0088 0.001096 3.2613636363636362
8 21607851 a t 0.0299 0.0093 0.001358 3.2150537634408605
8 21766900 a g -0.0251 0.0088 0.004555 -2.852272727272727
8 21780744 a g 0.0165 0.0058 0.004361 2.844827586206897
8 21788936 a g -0.0165 0.0058 0.004448 -2.844827586206897
8 21813018 a g 0.0168 0.0058 0.003498 2.896551724137931
8 21820479 a t 0.0169 0.0058 0.00329 2.913793103448276
8 21827833 a g 0.0172 0.0058 0.002815 2.9655172413793105
8 21834567 a g 0.0186 0.0058 0.001267 3.206896551724138
8 21835465 a g 0.0184 0.0058 0.001353 3.1724137931034484
8 21835628 a g 0.0183 0.0058 0.001458 3.1551724137931036
8 21845428 t c 0.0146 0.0056 0.009948 2.607142857142857
8 21850687 a g -0.0172 0.0058 0.002826 -2.9655172413793105
8 21854477 a g -0.0179 0.0058 0.001976 -3.086206896551724
8 21857267 a g -0.0171 0.0058 0.003074 -2.9482758620689657
8 22017699 a g -0.0359 0.013 0.005544 -2.761538461538462
8 22024743 a c 0.0685 0.0126 6.028e-08 5.436507936507937
8 22028254 a g 0.0677 0.0126 8.468e-08 5.373015873015873
8 22030065 t c 0.0875 0.0135 8.749e-11 6.481481481481481
8 22033325 t c 0.08 0.013 8.486e-10 6.153846153846154
8 22034309 t c 0.07 0.0122 9.93e-09 5.7377049180327875
8 22037709 a g -0.0576 0.0111 1.974e-07 -5.189189189189189
8 22037736 t c -0.0675 0.0118 1.182e-08 -5.720338983050848
8 22041870 t c 0.0851 0.0134 1.927e-10 6.3507462686567155
8 22043503 t c 0.0847 0.0134 2.369e-10 6.320895522388059
8 22047106 a g 0.0623 0.0112 2.481e-08 5.5625
8 22047223 t c -0.076 0.0123 7.471e-10 -6.178861788617886
8 22050584 t c 0.082 0.0133 7.99e-10 6.165413533834587
8 22052894 t c 0.0835 0.0134 4.592e-10 6.23134328358209
