Chr BP Allele1 Allele2 Effect StdErr Pvalue Zscore
9 136045486 a g 0.0177 0.0063 0.005061 2.8095238095238098
9 136050340 a g 0.0211 0.0064 0.0008912 3.296875
9 136055305 a g 0.0218 0.0064 0.0006489 3.40625
9 136056165 a g 0.0201 0.0063 0.001434 3.1904761904761902
9 136057028 a g 0.0202 0.0063 0.001403 3.206349206349206
9 136059310 t c 0.0202 0.0063 0.001362 3.206349206349206
9 136065229 c g 0.0231 0.006 0.0001268 3.8499999999999996
9 136068410 t c -0.0192 0.0058 0.0008967 -3.310344827586207
9 136071283 t c 0.019 0.0057 0.0009454 3.333333333333333
9 136077056 a c 0.0448 0.0162 0.005656 2.7654320987654324
9 136078375 c g 0.0228 0.0057 5.838e-05 4.0
9 136078906 t c 0.0205 0.0057 0.0003332 3.5964912280701755
9 136079182 a g 0.0208 0.0061 0.000649 3.4098360655737703
9 136079463 t c -0.0204 0.0053 0.0001017 -3.8490566037735854
9 136081598 t c -0.0218 0.0058 0.0001758 -3.7586206896551726
9 136082411 t c -0.0217 0.0058 0.0001881 -3.741379310344828
9 136085200 t g -0.0228 0.0071 0.001424 -3.2112676056338025
9 136128329 t c 0.0232 0.0066 0.0004727 3.515151515151515
9 136128421 c g 0.0232 0.0066 0.0004575 3.515151515151515
9 136129125 a c -0.0236 0.0066 0.0003776 -3.5757575757575757
9 136129642 t g 0.0228 0.0066 0.0005455 3.4545454545454546
9 136131347 a g -0.023 0.0066 0.00047 -3.484848484848485
9 136131437 t c -0.0231 0.0067 0.00052 -3.4477611940298503
9 136132350 t c 0.0168 0.0055 0.001997 3.0545454545454547
9 136132561 c g -0.0223 0.0066 0.0006809 -3.378787878787879
9 136132570 a g -0.0225 0.0066 0.0005985 -3.409090909090909
9 136132707 a t 0.023 0.0066 0.0004462 3.484848484848485
9 136132957 t c -0.0224 0.0065 0.0006201 -3.4461538461538463
9 136133699 a c 0.0201 0.0064 0.001573 3.140625
9 136135047 t c -0.0188 0.0059 0.001308 -3.186440677966102
9 136135237 a g -0.0207 0.0066 0.001721 -3.1363636363636362
9 136135478 a g -0.0234 0.0065 0.0003448 -3.6
9 136136516 a g -0.0179 0.0059 0.002563 -3.0338983050847457
9 136136770 a c -0.0222 0.006 0.0002246 -3.7
9 136139265 a c 0.0258 0.0053 1.296e-06 4.867924528301887
9 136140462 t c 0.0214 0.0064 0.0007777 3.3437499999999996
9 136142203 a c -0.0251 0.0053 2.245e-06 -4.735849056603774
9 136143212 a g 0.0318 0.0058 4.575e-08 5.482758620689656
9 136146664 a t 0.0308 0.0059 1.76e-07 5.220338983050848
9 136146740 t c -0.024 0.0066 0.0002481 -3.6363636363636362
9 136147160 t c 0.0306 0.0059 2.104e-07 5.186440677966101
9 136148231 t c 0.0171 0.0056 0.002452 3.053571428571429
9 136148368 c g 0.0168 0.0056 0.002795 3.0
9 136148409 a g -0.017 0.0056 0.002568 -3.035714285714286
9 136149500 t c -0.0273 0.0053 2.915e-07 -5.150943396226415
9 136149581 a g -0.0279 0.0056 7.245e-07 -4.982142857142858
9 136152722 t c -0.019 0.007 0.006898 -2.714285714285714
9 136153451 a g -0.0244 0.0065 0.0001889 -3.7538461538461543
9 136154168 t c -0.0506 0.0066 2.205e-14 -7.666666666666667
9 136154867 t g 0.0489 0.0076 1.611e-10 6.434210526315789
9 136185411 t c -0.0185 0.0069 0.007485 -2.681159420289855
9 136215356 c g -0.0347 0.0101 0.0006069 -3.435643564356436
9 136215511 t c -0.0632 0.024 0.008334 -2.6333333333333337
9 136219564 c g -0.0386 0.0146 0.008247 -2.6438356164383565
9 136223537 t c 0.0632 0.024 0.008547 2.6333333333333337
9 136267149 t c 0.0315 0.0088 0.000341 3.579545454545454
9 136269576 a c -0.0315 0.0103 0.002231 -3.058252427184466
9 136270538 t g -0.0345 0.0105 0.001081 -3.2857142857142856
9 136295621 a g -0.0267 0.0085 0.001782 -3.1411764705882352
9 136296530 t c 0.0558 0.015 0.0001986 3.72
9 136308796 c g -0.0214 0.008 0.007632 -2.675
9 136329954 t c 0.0292 0.0085 0.000603 3.4352941176470586
9 136330428 a g 0.0327 0.011 0.003025 2.972727272727273
9 136334910 t c 0.0317 0.0084 0.000155 3.7738095238095237
9 136342768 a c -0.044 0.0159 0.005551 -2.7672955974842766
9 136348215 a g -0.0296 0.0071 2.979e-05 -4.169014084507042
9 136352390 t g -0.0207 0.0064 0.001183 -3.234375
9 136353663 a g 0.0415 0.0112 0.0002031 3.7053571428571432
9 136455749 t c 0.0189 0.0065 0.003706 2.907692307692308
9 136459543 t c -0.0278 0.0088 0.001507 -3.1590909090909087
9 136461381 a g 0.0174 0.0057 0.002262 3.052631578947368
9 136462498 c g 0.0135 0.0052 0.009733 2.5961538461538463
9 136522274 t c -0.0359 0.0112 0.00127 -3.205357142857143
9 136532107 c g 0.0174 0.0058 0.002824 3.0
9 136532433 a c 0.0272 0.0071 0.0001361 3.8309859154929575
9 136532545 t c 0.0271 0.0071 0.0001389 3.816901408450704
9 136532885 t c -0.0184 0.0058 0.001555 -3.1724137931034484
9 136536036 a g -0.0254 0.0058 1.169e-05 -4.379310344827586
9 136536127 t c -0.0254 0.0058 1.17e-05 -4.379310344827586
9 136536152 t c 0.0233 0.0058 6.194e-05 4.017241379310345
9 136536633 a g 0.0245 0.0058 2.203e-05 4.224137931034483
9 136536793 c g -0.0246 0.0058 2.003e-05 -4.241379310344828
9 136538334 t c 0.0257 0.0058 9.907e-06 4.431034482758621
9 136538360 a g -0.0233 0.0058 5.457e-05 -4.017241379310345
9 136561367 a g -0.0215 0.0064 0.000859 -3.3593749999999996
9 136562165 a g 0.0177 0.0065 0.006112 2.723076923076923
9 136563926 t c 0.0169 0.0062 0.006162 2.725806451612903
9 136564575 a c 0.0166 0.0062 0.00735 2.67741935483871
9 136569428 c g 0.0158 0.006 0.008133 2.6333333333333337
9 136573412 a g -0.0188 0.0058 0.001194 -3.241379310344828
9 136573648 a t -0.0196 0.0058 0.0007262 -3.3793103448275863
9 136576704 c g 0.0186 0.0062 0.002693 3.0
9 136577024 a g 0.0186 0.0062 0.002718 3.0
9 136599146 t c -0.0168 0.0064 0.008514 -2.6249999999999996
9 136634554 t c 0.2448 0.0923 0.008017 2.6522210184182016
