Chr BP Allele1 Allele2 Effect StdErr Pvalue Zscore
1 109290802 a t 0.0194 0.0066 0.003055 2.9393939393939394
1 109291137 t c -0.0184 0.0065 0.004651 -2.830769230769231
1 109295971 a g 0.0186 0.0065 0.004122 2.8615384615384616
1 109304355 a g -0.0187 0.0065 0.003769 -2.8769230769230774
1 109306883 t g 0.0214 0.0065 0.001028 3.292307692307692
1 109311384 t c 0.0194 0.0065 0.002688 2.9846153846153847
1 109325028 t c 0.0185 0.0065 0.004125 2.8461538461538463
1 109332774 a c -0.0185 0.0065 0.004189 -2.8461538461538463
1 109341772 t g 0.0167 0.0065 0.009911 2.5692307692307694
1 109356524 a g -0.016 0.0061 0.008189 -2.622950819672131
1 109374087 a g -0.0237 0.0089 0.00752 -2.662921348314607
1 109375623 a t -0.0236 0.0088 0.007671 -2.6818181818181817
1 109404536 t c -0.0917 0.0307 0.002809 -2.986970684039088
1 109627957 c g -0.0364 0.0102 0.0003669 -3.568627450980392
1 109634432 c g -0.0298 0.0078 0.0001263 -3.8205128205128207
1 109641273 c g 0.03 0.0078 0.0001101 3.8461538461538463
1 109658361 t c 0.037 0.0105 0.0004122 3.5238095238095233
1 109660067 a g -0.0374 0.0105 0.0003599 -3.561904761904762
1 109672711 t c 0.0207 0.0071 0.003384 2.9154929577464785
1 109677028 a g -0.0322 0.0116 0.005472 -2.7758620689655173
1 109679027 a g -0.0321 0.0116 0.005548 -2.7672413793103448
1 109681161 a g 0.0404 0.012 0.0007551 3.3666666666666663
1 109683485 t c 0.0309 0.0116 0.007687 2.6637931034482762
1 109686758 t c -0.0398 0.0121 0.0009732 -3.2892561983471076
1 109687741 a g 0.0316 0.0116 0.006304 2.724137931034483
1 109688390 a g 0.0315 0.0116 0.006524 2.7155172413793105
1 109692802 a g -0.0458 0.015 0.002245 -3.0533333333333337
1 109692890 t c 0.0191 0.0064 0.002794 2.9843749999999996
1 109700686 t g -0.018 0.0066 0.006225 -2.727272727272727
1 109729327 c g -0.0233 0.0083 0.005026 -2.807228915662651
1 109745228 a g 0.0246 0.0076 0.001148 3.236842105263158
1 109748547 t c -0.0225 0.0087 0.009447 -2.586206896551724
1 109751667 a g 0.0165 0.0061 0.006956 2.7049180327868854
1 109757295 a g -0.0649 0.0116 1.999e-08 -5.594827586206897
1 109758568 t c 0.0679 0.0225 0.002571 3.017777777777778
1 109771063 t c -0.0241 0.0061 7.82e-05 -3.9508196721311473
1 109783261 t c 0.0273 0.0065 3.108e-05 4.2
1 109789795 t c 0.0372 0.0069 6e-08 5.391304347826087
1 109790286 t c -0.0511 0.015 0.0006369 -3.4066666666666667
1 109794252 t c -0.047 0.0132 0.0003779 -3.5606060606060606
1 109798721 a g 0.0366 0.0058 2.648e-10 6.310344827586207
1 109799575 t c 0.0306 0.0099 0.002034 3.0909090909090904
1 109800218 c g 0.0296 0.0097 0.002389 3.0515463917525776
1 109800349 a g -0.0977 0.0103 3.139e-21 -9.485436893203882
1 109802233 t c 0.031 0.0099 0.00179 3.131313131313131
1 109802643 a g -0.05 0.0143 0.0004709 -3.4965034965034967
1 109804646 a g 0.0372 0.0057 8.993e-11 6.526315789473683
1 109807099 a g 0.0375 0.0057 6.85e-11 6.578947368421052
1 109807283 a t 0.0893 0.0087 1.4699999999999999e-24 10.264367816091955
1 109808329 a g 0.0658 0.0232 0.004499 2.836206896551724
1 109810201 a g -0.0953 0.0161 3.481e-09 -5.919254658385093
1 109810981 a g 0.0313 0.0084 0.0001944 3.7261904761904767
1 109815074 a g -0.0769 0.0138 2.644e-08 -5.5724637681159415
1 109815252 a g 0.0679 0.006 5.838e-30 11.316666666666666
1 109817299 c g 0.08 0.03 0.007703 2.666666666666667
1 109817838 t c -0.099 0.0066 1.6789999999999998e-51 -15.0
1 109818128 t c -0.0767 0.0143 7.433e-08 -5.363636363636364
1 109819296 a c 0.0692 0.0061 1.0279999999999999e-29 11.344262295081966
1 109820110 t c -0.0651 0.0132 8.384e-07 -4.9318181818181825
1 109822008 t g 0.0689 0.0061 2.113e-29 11.295081967213115
1 109822166 a g 0.0955 0.0065 2.273e-49 14.692307692307693
1 109822404 a g 0.0238 0.0089 0.007222 2.674157303370787
1 109825558 a c -0.0848 0.02 2.284e-05 -4.24
1 109832283 a g -0.0359 0.0057 3.566e-10 -6.298245614035087
1 109834940 a c 0.0831 0.0223 0.0002003 3.7264573991031384
1 109839400 t c -0.0579 0.0106 4.702e-08 -5.462264150943396
1 109840629 a g 0.0202 0.0058 0.0004481 3.4827586206896552
1 109841659 t c -0.0199 0.0066 0.002433 -3.015151515151515
1 109842271 t c 0.0196 0.0057 0.0005236 3.4385964912280698
1 109845100 t g 0.0271 0.0095 0.004321 2.8526315789473684
1 109849254 a g -0.0183 0.0057 0.0012 -3.2105263157894735
1 109873573 a g 0.0163 0.0063 0.009863 2.587301587301587
1 109891423 c g 0.019 0.0059 0.001168 3.2203389830508473
1 109896600 a c -0.0172 0.0057 0.002447 -3.017543859649123
1 109897100 t c 0.0491 0.0123 6.237e-05 3.991869918699187
1 109910502 t c 0.0555 0.0194 0.004219 2.8608247422680413
1 109915075 a c 0.0171 0.0057 0.002509 3.0
1 109924918 a t -0.0509 0.0124 3.977e-05 -4.10483870967742
1 109935578 t c -0.0175 0.0057 0.002051 -3.0701754385964914
1 109941133 t c 0.0175 0.0057 0.001989 3.0701754385964914
1 109945319 t g 0.0844 0.0222 0.0001446 3.8018018018018016
1 109950441 a t -0.0491 0.0123 6.308e-05 -3.991869918699187
1 109962642 c g 0.0171 0.0058 0.002975 2.9482758620689657
1 109967087 t c 0.049 0.0123 6.44e-05 3.983739837398374
1 109974450 a c -0.0187 0.0058 0.001318 -3.224137931034483
1 109995398 t c 0.0186 0.0056 0.0008964 3.321428571428571
1 109995797 t g 0.0451 0.0121 0.0001847 3.7272727272727275
1 110004306 t c 0.0656 0.0218 0.002622 3.0091743119266057
1 110012871 a t 0.0456 0.012 0.0001478 3.8000000000000003
1 110013955 t c 0.0185 0.0056 0.0008523 3.3035714285714284
1 110014170 a g 0.0191 0.0056 0.0007095 3.4107142857142856
1 110015183 a g 0.0185 0.0056 0.0008759 3.3035714285714284
1 110017105 a g 0.0164 0.0062 0.008334 2.645161290322581
1 110022808 a g -0.0854 0.0305 0.005045 -2.8000000000000003
1 110025881 a g 0.0226 0.0056 6.28e-05 4.035714285714286
1 110026891 t g 0.0171 0.0062 0.005656 2.7580645161290325
1 110030945 a g 0.0214 0.0056 0.0001242 3.821428571428571
1 110037483 a c -0.0164 0.0062 0.008357 -2.645161290322581
1 110049127 c g -0.07 0.0125 1.927e-08 -5.6000000000000005
1 110055298 a c -0.0155 0.0056 0.005759 -2.767857142857143
1 110067124 a g -0.0161 0.0056 0.004172 -2.875
1 110071113 a g 0.0167 0.0056 0.002969 2.982142857142857
1 110101124 t c -0.0449 0.0098 4.624e-06 -4.581632653061225
1 110109039 a g 0.0346 0.0092 0.0001757 3.760869565217391
1 110122837 a g 0.0227 0.0078 0.003614 2.9102564102564106
1 110123334 a g 0.0182 0.0069 0.008361 2.63768115942029
1 110133967 t c 0.1464 0.0285 2.783e-07 5.136842105263158
1 110140099 a t 0.0206 0.008 0.009611 2.575
1 110145631 c g -0.0214 0.008 0.007406 -2.675
1 110152069 a g 0.1194 0.0237 4.699e-07 5.037974683544304
1 110172362 t c 0.0175 0.0058 0.002602 3.017241379310345
1 110197132 t c -0.0247 0.006 3.316e-05 -4.116666666666666
1 110247164 t c 0.0155 0.006 0.009861 2.5833333333333335
1 110257069 t c -0.0174 0.0058 0.002816 -3.0
1 110263086 a c -0.016 0.0058 0.006103 -2.7586206896551726
1 110272645 t c -0.0153 0.0058 0.008413 -2.637931034482759
1 110278972 t c -0.0156 0.0056 0.005619 -2.7857142857142856
1 110279027 t c -0.0159 0.0061 0.008685 -2.6065573770491803
1 110279701 t c -0.0157 0.0061 0.009623 -2.573770491803278
1 110295772 t c 0.0192 0.0058 0.001002 3.310344827586207
1 110295890 c g 0.0193 0.0058 0.0009472 3.327586206896552
1 110359820 t c -0.0198 0.0058 0.0005805 -3.4137931034482762
1 110359882 a g -0.018 0.0052 0.0005262 -3.4615384615384612
1 110362471 t c 0.0188 0.0057 0.0009533 3.2982456140350878
1 110366083 t c -0.0172 0.0052 0.0009745 -3.307692307692308
1 110466466 t c -0.0173 0.0058 0.003015 -2.9827586206896552
1 110475552 a g -0.0214 0.0073 0.003286 -2.931506849315068
1 110476726 a g 0.0213 0.0073 0.003365 2.9178082191780823
1 110478860 a g 0.0212 0.0075 0.004502 2.8266666666666667
1 110478861 t c -0.0176 0.0058 0.002303 -3.03448275862069
1 110479955 t c -0.0173 0.0057 0.002405 -3.0350877192982453
1 110482691 t c -0.0242 0.0058 3.136e-05 -4.172413793103448
1 110493512 t c 0.0241 0.0057 1.968e-05 4.228070175438597
1 110493945 a g -0.0235 0.0057 3.301e-05 -4.12280701754386
1 110493956 t c -0.0237 0.0057 2.908e-05 -4.157894736842105
1 110501597 a g -0.0204 0.0057 0.0003133 -3.5789473684210527
1 110503078 t c 0.0203 0.0057 0.0003614 3.5614035087719293
1 110504360 t c -0.0219 0.0058 0.0001401 -3.7758620689655173
1 110511227 a c -0.0528 0.019 0.005556 -2.778947368421053
1 110525630 a g -0.0159 0.0054 0.003286 -2.9444444444444446
1 110530995 c g -0.0193 0.0057 0.0007843 -3.3859649122807016
1 110534914 a c 0.0189 0.0059 0.001384 3.2033898305084745
