Chr BP Allele1 Allele2 Effect StdErr Pvalue Zscore
5 9848860 t g -0.0045 0.0082 0.5808 -0.548780487804878
5 9544396 a g -0.0435 0.0075 5.798e-09 -5.8
5 9985053 a g -0.0032 0.0061 0.6019 -0.5245901639344263
5 9228171 t g 0.0076 0.0069 0.2698 1.1014492753623188
5 9299633 a g 0.0243 0.0138 0.0782 1.7608695652173911
5 9108333 t c -0.0014 0.0116 0.9034 -0.1206896551724138
5 9519978 a g 0.0087 0.0101 0.3909 0.8613861386138614
5 9101276 a g 0.003 0.0057 0.5933 0.5263157894736842
5 9400508 t g -0.0035 0.0058 0.5384 -0.6034482758620691
5 9116125 t c 0.0002 0.0062 0.9712 0.03225806451612904
5 9153291 t c 0.0021 0.01 0.8342 0.21
5 9379259 t c -0.0037 0.0065 0.5676 -0.5692307692307693
5 9999684 a g 0.0189 0.0205 0.3567 0.921951219512195
5 9965489 t c 0.0043 0.0064 0.5019 0.671875
