Chr BP Allele1 Allele2 Effect StdErr Pvalue Zscore
5 142269046 t g -0.0366 0.0136 0.007264 -2.6911764705882355
5 142461483 a g -0.0443 0.0167 0.007904 -2.6526946107784433
5 142482032 a c -0.0572 0.0156 0.0002502 -3.666666666666667
5 142502189 t g 0.0334 0.0059 1.6e-08 5.661016949152542
5 142513686 a g -0.0334 0.0057 5.134e-09 -5.859649122807017
5 142521025 t c 0.0337 0.0059 1.288e-08 5.711864406779661
5 142535505 t c -0.019 0.0064 0.003045 -2.96875
5 142535605 t c -0.0191 0.0064 0.002991 -2.9843749999999996
5 142535926 a t 0.0189 0.0064 0.003209 2.953125
5 142536988 t c -0.0164 0.0063 0.009411 -2.6031746031746033
5 142537410 t c -0.019 0.0064 0.00315 -2.96875
5 142538467 a g -0.0198 0.0065 0.002228 -3.0461538461538464
5 142661889 a g 0.0157 0.0061 0.009943 2.573770491803278
5 142674690 a g -0.016 0.0061 0.008791 -2.622950819672131
5 142680344 a c -0.0161 0.0061 0.008213 -2.6393442622950816
5 142683741 t c 0.0163 0.0061 0.007406 2.6721311475409832
5 142708469 c g -0.016 0.0061 0.00867 -2.622950819672131
5 142725084 a t 0.0182 0.0061 0.002773 2.983606557377049
5 142759785 a g 0.0167 0.0061 0.006507 2.7377049180327866
5 142873977 t g -0.0191 0.0073 0.008893 -2.6164383561643834
5 142874217 a c 0.0193 0.0073 0.008416 2.6438356164383565
5 142913304 a g -0.0156 0.0057 0.005917 -2.7368421052631575
5 142918138 a g -0.0309 0.0073 2.557e-05 -4.232876712328767
5 142969478 a g 0.0755 0.0277 0.006336 2.7256317689530687
5 142999521 t c -0.0549 0.0185 0.002958 -2.9675675675675675
5 143006505 t c 0.0511 0.0184 0.005477 2.7771739130434785
5 143008285 t c -0.0398 0.0131 0.002446 -3.0381679389312977
5 143012047 a g -0.0396 0.0132 0.002771 -3.0000000000000004
