Chr BP Allele1 Allele2 Effect StdErr Pvalue Zscore
2 85441399 a g -0.0215 0.0071 0.002638 -3.0281690140845066
2 85489280 a g 0.017 0.0057 0.002853 2.982456140350877
2 85489297 a t -0.0167 0.0057 0.00339 -2.9298245614035086
2 85491365 t c 0.0172 0.0057 0.002678 3.017543859649123
2 85492391 t g -0.0169 0.0057 0.003101 -2.964912280701754
2 85494386 a g 0.0191 0.0072 0.008301 2.6527777777777777
2 85499642 a g 0.0228 0.0064 0.0003814 3.5625
2 85501390 a g 0.0225 0.0064 0.0004446 3.5156249999999996
2 85503139 t g -0.019 0.0058 0.0009584 -3.2758620689655173
2 85503568 a c -0.022 0.0064 0.000557 -3.4374999999999996
2 85506000 a g 0.022 0.0064 0.0005628 3.4374999999999996
2 85507788 a t -0.0221 0.0064 0.0005401 -3.453125
2 85508454 t c -0.0233 0.0064 0.0002522 -3.640625
2 85527451 t c -0.0351 0.0099 0.0003996 -3.545454545454545
2 85530027 t c -0.0398 0.0095 2.812e-05 -4.189473684210527
2 85535091 t c -0.078 0.0299 0.009099 -2.608695652173913
2 85599923 c g -0.0246 0.0095 0.009566 -2.5894736842105264
2 85600719 t c 0.0246 0.0095 0.009659 2.5894736842105264
2 85609931 a g 0.0247 0.0095 0.009417 2.6
2 85623360 a g 0.0251 0.0097 0.009402 2.5876288659793816
2 85626606 a g 0.0251 0.0096 0.00891 2.6145833333333335
2 85630751 t c 0.0255 0.0096 0.007956 2.65625
2 85632928 a g 0.0256 0.0096 0.00765 2.666666666666667
2 85633500 a c 0.0257 0.0096 0.007444 2.6770833333333335
2 85670488 t c -0.0154 0.0057 0.007305 -2.7017543859649122
2 85671301 t g 0.0179 0.0065 0.005766 2.753846153846154
2 85678030 a t -0.0194 0.0062 0.001925 -3.1290322580645165
2 85679990 a g 0.0186 0.0063 0.003121 2.952380952380952
2 85683064 a c 0.0217 0.0064 0.0006514 3.390625
2 85683722 t c 0.0191 0.0063 0.002257 3.0317460317460316
2 85700469 a g 0.0374 0.0062 1.59e-09 6.03225806451613
2 85701849 t c 0.0373 0.0062 1.655e-09 6.016129032258065
2 85703112 a g 0.0161 0.0058 0.005822 2.7758620689655173
2 85703308 a g 0.0172 0.0058 0.003167 2.9655172413793105
2 85703993 a g -0.0166 0.0058 0.00423 -2.8620689655172415
2 85715315 t c 0.0482 0.0072 2.751e-11 6.694444444444445
2 85721246 a g -0.0483 0.0073 3.332e-11 -6.616438356164384
2 85723006 t c -0.048 0.0073 5.674e-11 -6.575342465753424
2 85724009 a g 0.0479 0.0071 1.546e-11 6.746478873239436
2 85724103 a c 0.0477 0.0071 1.835e-11 6.718309859154929
2 85730641 t c -0.0218 0.0066 0.001005 -3.303030303030303
2 85736693 c g -0.0494 0.0061 9.757e-16 -8.098360655737704
2 85737304 t g -0.0513 0.007 1.991e-13 -7.328571428571428
2 85737362 t g 0.0475 0.0061 8.225e-15 7.786885245901639
2 85737960 t c 0.0258 0.0072 0.0003037 3.5833333333333335
2 85738010 a c 0.0526 0.0071 1.025e-13 7.408450704225352
2 85738374 t g 0.056 0.0058 2.44e-22 9.655172413793105
2 85746699 t c 0.0211 0.0073 0.003749 2.8904109589041096
2 85752906 t c -0.0347 0.0113 0.002152 -3.0707964601769917
2 85753847 t c 0.0542 0.0062 1.875e-18 8.741935483870968
2 85755928 t c 0.0522 0.0057 6.627000000000001e-20 9.157894736842106
2 85757379 t c -0.0522 0.0057 6.605e-20 -9.157894736842106
2 85758352 t c 0.0541 0.0062 2.014e-18 8.725806451612904
2 85758790 a g 0.0524 0.0057 4.9040000000000004e-20 9.192982456140351
2 85762048 a t -0.0565 0.0057 2.947e-23 -9.912280701754385
2 85762761 a g -0.0564 0.0057 2.094e-23 -9.894736842105262
2 85764027 c g -0.0449 0.0155 0.003787 -2.8967741935483873
2 85764041 a g 0.0561 0.0057 4.549e-23 9.842105263157894
2 85764960 t g 0.0562 0.0057 4.8149999999999997e-23 9.859649122807017
2 85767735 t c 0.0537 0.0057 3.631e-21 9.421052631578947
2 85772548 t c 0.0553 0.0057 1.5059999999999999e-22 9.701754385964913
2 85773061 a g -0.0555 0.0057 1.407e-22 -9.736842105263158
2 85773305 t c 0.0368 0.0113 0.001127 3.256637168141593
2 85774676 a g 0.0553 0.0057 1.5379999999999998e-22 9.701754385964913
2 85777270 a g 0.0522 0.0063 1.018e-16 8.285714285714286
2 85777633 c g 0.0266 0.0101 0.008339 2.633663366336634
2 85780131 a g 0.0521 0.0063 1.163e-16 8.26984126984127
2 85788738 a c 0.051 0.007 4.212e-13 7.285714285714285
2 85792063 a g 0.0365 0.0113 0.001235 3.230088495575221
2 85792404 a t -0.0509 0.0063 1.028e-15 -8.079365079365079
2 85794415 a g -0.0515 0.0057 1.983e-19 -9.035087719298245
2 85795361 c g 0.0364 0.0113 0.001316 3.221238938053098
2 85801902 t c 0.0513 0.0064 1.074e-15 8.015625
2 85802134 a t -0.0513 0.0057 2.712e-19 -9.0
2 85808087 t c -0.0261 0.0101 0.009789 -2.5841584158415842
2 85808573 t c -0.052 0.0057 7.72e-20 -9.12280701754386
2 85809989 t c 0.0504 0.005 1.899e-23 10.08
2 85811229 a g -0.0401 0.0062 1.015e-10 -6.467741935483871
2 85815954 t c -0.0203 0.0075 0.007035 -2.7066666666666666
2 85816334 a g -0.0275 0.0069 6.745e-05 -3.9855072463768115
2 85818797 a g 0.0391 0.0063 5.673e-10 6.2063492063492065
2 85828014 t g -0.035 0.0059 3.291e-09 -5.9322033898305095
2 85834641 t g -0.0352 0.0065 5.247e-08 -5.415384615384616
2 85847085 a c -0.0355 0.0059 2.219e-09 -6.016949152542373
2 85853463 c g 0.0355 0.0059 2.206e-09 6.016949152542373
2 85854015 a g -0.0338 0.0061 3.738e-08 -5.5409836065573765
2 85865440 t c 0.0352 0.0065 5.728e-08 5.415384615384616
2 85890758 t c -0.0345 0.0066 1.469e-07 -5.2272727272727275
2 85894308 t g 0.0185 0.0061 0.002404 3.0327868852459012
2 85897768 a g 0.0158 0.0059 0.007363 2.6779661016949157
2 85898898 a c 0.0157 0.0059 0.008034 2.6610169491525424
2 85899590 t g -0.0152 0.0059 0.009536 -2.576271186440678
2 85956599 t c 0.0971 0.0303 0.001356 3.2046204620462047
2 86061013 t c 0.0164 0.0058 0.004637 2.827586206896552
2 86077198 a g -0.023 0.0069 0.000871 -3.3333333333333335
2 86077283 c g 0.0156 0.006 0.009604 2.5999999999999996
2 86084632 c g 0.0166 0.0058 0.004274 2.8620689655172415
2 86096042 a g 0.0224 0.0069 0.001214 3.246376811594203
2 86099145 t g 0.0223 0.0069 0.001281 3.2318840579710146
2 86107987 t c 0.0179 0.0057 0.001582 3.140350877192982
2 86108632 a t -0.0181 0.0057 0.001387 -3.175438596491228
2 86108830 t g -0.0177 0.0057 0.0017 -3.1052631578947367
2 86112049 a t -0.0153 0.0058 0.007695 -2.637931034482759
2 86112873 t c -0.0153 0.0058 0.007818 -2.637931034482759
2 86115314 t c -0.0189 0.0061 0.001823 -3.0983606557377046
2 86123333 a g 0.0191 0.0057 0.0008509 3.350877192982456
2 86124811 c g -0.019 0.0057 0.0008673 -3.333333333333333
2 86125166 a t -0.0184 0.0061 0.002634 -3.0163934426229506
2 86128647 t c 0.0195 0.0063 0.001867 3.0952380952380953
2 86128761 t c 0.0193 0.0057 0.000734 3.3859649122807016
2 86128929 t c -0.019 0.0061 0.001879 -3.1147540983606556
2 86129498 t c -0.0194 0.0057 0.0007084 -3.4035087719298245
2 86130270 t c -0.0175 0.0058 0.002583 -3.017241379310345
2 86134090 c g -0.0202 0.0057 0.0004321 -3.543859649122807
2 86142202 t c 0.0205 0.0057 0.0003435 3.5964912280701755
2 86143565 t c -0.0207 0.0057 0.000307 -3.631578947368421
2 86143754 t g 0.0205 0.0057 0.0003513 3.5964912280701755
2 86144769 a g 0.0208 0.0057 0.0002897 3.6491228070175437
2 86145787 t c 0.0213 0.0057 0.0001995 3.7368421052631575
2 86147123 t c -0.0266 0.0059 5.846e-06 -4.508474576271186
2 86149532 t c 0.0234 0.0061 0.0001283 3.8360655737704916
2 86149944 a t -0.0234 0.0061 0.000126 -3.8360655737704916
2 86150194 t c -0.024 0.0061 9.05e-05 -3.9344262295081966
2 86152055 t c 0.0236 0.0061 0.0001117 3.8688524590163933
2 86152311 a t -0.0236 0.0061 0.000111 -3.8688524590163933
2 86153537 a g -0.0239 0.0061 8.982e-05 -3.918032786885246
2 86153669 a g 0.0239 0.0061 8.913e-05 3.918032786885246
2 86155244 t c -0.0242 0.0061 7.579e-05 -3.967213114754098
2 86155271 t c 0.0272 0.0058 3.222e-06 4.689655172413794
2 86158755 t c -0.0245 0.0061 6.351e-05 -4.016393442622951
2 86180754 t c 0.0204 0.0061 0.0008955 3.3442622950819674
2 86181427 a g -0.0239 0.0062 0.0001112 -3.8548387096774195
2 86182258 t c 0.0235 0.0062 0.0001365 3.7903225806451615
2 86183427 t g 0.0231 0.0062 0.0001823 3.725806451612903
2 86183897 a g -0.0234 0.0062 0.0001558 -3.774193548387097
2 86185013 a g -0.0269 0.0064 2.448e-05 -4.203125
2 86185319 t c -0.0272 0.0064 2.094e-05 -4.25
2 86207431 a g -0.0248 0.0062 6.681e-05 -4.0
2 86208178 a c -0.0249 0.0062 6.309e-05 -4.016129032258064
2 86208678 c g -0.0252 0.0062 5.073e-05 -4.064516129032258
2 86208780 t c 0.0224 0.006 0.0001921 3.7333333333333334
2 86210101 t c 0.0249 0.0062 5.768e-05 4.016129032258064
2 86210171 t c -0.0244 0.0062 8.616e-05 -3.9354838709677424
2 86210305 t c 0.0222 0.006 0.0002121 3.7
2 86211646 t c 0.0246 0.0063 9.565e-05 3.9047619047619047
2 86212808 t c 0.0227 0.006 0.0001636 3.7833333333333337
2 86215059 t c -0.023 0.006 0.0001405 -3.833333333333333
2 86218933 a t -0.0226 0.006 0.0001713 -3.766666666666666
2 86253581 t c -0.0255 0.0062 3.908e-05 -4.112903225806451
2 86259443 t c 0.0228 0.0059 0.00011 3.8644067796610173
2 86273945 t c -0.023 0.0059 9.889e-05 -3.8983050847457625
2 86275698 t c 0.0293 0.0111 0.008146 2.6396396396396393
2 86277250 a t -0.03 0.0111 0.007002 -2.7027027027027026
2 86288519 a g 0.0274 0.0106 0.009463 2.5849056603773586
2 86292656 t c -0.0223 0.0087 0.009813 -2.563218390804598
2 86293829 a c -0.0206 0.0078 0.008552 -2.641025641025641
2 86296086 t c 0.0291 0.0111 0.008757 2.6216216216216215
2 86298588 t c -0.0232 0.0059 9.197e-05 -3.932203389830508
2 86308459 t c -0.0218 0.006 0.0002637 -3.6333333333333333
2 86310110 t c -0.0228 0.0075 0.002423 -3.04
2 86315526 t c 0.0226 0.0076 0.002841 2.9736842105263155
2 86324309 a t -0.0228 0.0075 0.002474 -3.04
2 86325316 a c -0.0222 0.006 0.0002095 -3.7
2 86337930 t c 0.0228 0.0075 0.002481 3.04
2 86343494 a g -0.0225 0.0075 0.002744 -3.0
2 86343911 t g -0.0223 0.006 0.0001964 -3.716666666666667
2 86346840 a g -0.0236 0.0075 0.001651 -3.1466666666666665
2 86348069 t g 0.0225 0.006 0.0001711 3.75
2 86348960 a g -0.0238 0.0075 0.001527 -3.173333333333334
2 86349004 a g -0.022 0.0084 0.008649 -2.619047619047619
2 86351240 t c 0.0237 0.0075 0.001545 3.16
2 86352825 t c -0.0237 0.0075 0.001558 -3.16
