CHR BP Allele1 Allele2 Effect StdErr Pvalue Zscore
2 203861954 t c -0.1049 0.0089 2.624e-32 -11.786516853932584
2 203360745 a g -0.0011 0.0083 0.8981 -0.13253012048192772
2 203896657 t g 0.0125 0.0215 0.5624 0.5813953488372093
2 203387331 t c -0.0005 0.0084 0.9535 -0.05952380952380953
2 204052990 a t -0.0022 0.0134 0.8666 -0.16417910447761194
2 203746816 a g -0.1032 0.0089 2.178e-31 -11.595505617977528
2 203855342 t c 0.105 0.0089 2.463e-32 11.797752808988763
2 203991488 a g 0.0192 0.0057 0.0008137 3.3684210526315783
2 204219562 a t 0.0036 0.0245 0.8845 0.14693877551020407
2 203663498 a g 0.1031 0.0089 4.17e-31 11.584269662921349
2 203960587 c g 0.0188 0.0064 0.00312 2.9375
2 203531935 a t -0.0032 0.0066 0.6299 -0.48484848484848486
2 204161222 a g 0.0713 0.0696 0.3056 1.024425287356322
2 203420712 a g -0.0088 0.0169 0.602 -0.5207100591715977
2 203627887 t c 0.0343 0.0063 4.42e-08 5.444444444444444
2 203465357 t c -0.0299 0.0095 0.001613 -3.1473684210526316
2 203882558 t c -0.0212 0.0058 0.0002741 -3.6551724137931036
2 204212506 t g 0.0216 0.0269 0.4219 0.8029739776951673
2 203285697 c g 0.0027 0.0084 0.7527 0.32142857142857145
2 203288619 a t -0.0168 0.0303 0.5785 -0.5544554455445544
