Chr BP Allele1 Allele2 Effect StdErr Pvalue Zscore
3 153301545 c g -0.0264 0.0291 0.3652 -0.9072164948453608
3 153321385 a c 0.0015 0.0057 0.7898 0.2631578947368421
3 153346323 a c -0.0025 0.0058 0.6709 -0.4310344827586207
3 153402337 a t -0.0026 0.0059 0.6627 -0.4406779661016949
3 153437756 t c -0.0154 0.0057 0.007406 -2.7017543859649122
3 153484440 t c 0.0189 0.0091 0.03688 2.0769230769230766
3 153496474 t c 0.0063 0.0057 0.2698 1.1052631578947367
3 153504293 c g 0.0179 0.0105 0.08834 1.7047619047619045
3 153527478 t c 0.0011 0.0059 0.857 0.1864406779661017
3 153534059 a t -0.0243 0.0099 0.0143 -2.454545454545454
3 153672436 a g -0.0377 0.0102 0.0002292 -3.6960784313725483
3 153679936 t c 0.0077 0.0295 0.7928 0.2610169491525424
3 153801400 a g -0.0363 0.0064 1.305e-08 -5.671875
3 153805988 t c -0.0363 0.0064 1.384e-08 -5.671875
3 153819035 c g -0.0588 0.0086 7.372e-12 -6.837209302325581
3 154088174 a g 0.0129 0.0107 0.2251 1.205607476635514
3 154098003 t c -0.0119 0.0076 0.1191 -1.5657894736842106
3 154098793 a g -0.0137 0.0076 0.07361 -1.8026315789473684
3 154116719 t c -0.0048 0.0057 0.3988 -0.8421052631578946
3 154117370 a g 0.0566 0.0122 3.37e-06 4.639344262295081
3 154274017 t c -0.0383 0.0092 2.873e-05 -4.16304347826087
3 154288123 c g 0.0362 0.009 5.472e-05 4.022222222222223
