Chr BP Allele1 Allele2 Effect StdErr Pvalue Zscore
8 106106951 a g -0.0179 0.0062 0.003897 -2.8870967741935485
8 106188036 t c -0.0186 0.0066 0.005146 -2.818181818181818
8 106191015 a c -0.0189 0.0068 0.005525 -2.7794117647058827
8 106207675 t c -0.0194 0.0068 0.004369 -2.8529411764705883
8 106220694 a t 0.0196 0.0069 0.00441 2.8405797101449273
8 106223096 a t 0.0197 0.0069 0.00428 2.8550724637681157
8 106231771 a t -0.0179 0.0058 0.002067 -3.086206896551724
8 106233445 a g -0.0248 0.0065 0.0001377 -3.8153846153846156
8 106258031 a g 0.0164 0.0063 0.009682 2.6031746031746033
8 106262490 t c 0.0233 0.006 0.0001011 3.8833333333333333
8 106266901 a g 0.023 0.006 0.0001341 3.833333333333333
8 106269243 a g -0.0186 0.0056 0.001003 -3.321428571428571
8 106269634 a g 0.0192 0.0057 0.0007282 3.3684210526315783
8 106270392 t c 0.023 0.006 0.0001413 3.833333333333333
8 106273257 c g 0.0191 0.0057 0.000736 3.350877192982456
8 106276723 a g 0.0189 0.0057 0.000835 3.3157894736842106
8 106279104 t c 0.0181 0.0057 0.001654 3.175438596491228
8 106281276 a g 0.0224 0.0062 0.0002993 3.6129032258064515
8 106283098 c g -0.0248 0.006 3.146e-05 -4.133333333333333
8 106285801 t g -0.0175 0.0063 0.005836 -2.777777777777778
8 106290578 t c -0.0179 0.0063 0.004703 -2.841269841269841
8 106297534 a c -0.0165 0.0063 0.009139 -2.619047619047619
8 106297815 t c -0.0165 0.0063 0.009204 -2.619047619047619
8 106299403 t g -0.0287 0.0066 1.569e-05 -4.348484848484849
8 106307356 t g 0.0265 0.0062 2.151e-05 4.274193548387097
8 106308034 a g 0.0261 0.0062 2.74e-05 4.209677419354839
8 106366369 c g 0.022 0.0062 0.0003818 3.5483870967741935
8 106407392 t g -0.0282 0.0067 2.604e-05 -4.208955223880597
8 106415737 a g -0.0285 0.0067 1.907e-05 -4.253731343283582
8 106420244 t c -0.0291 0.0068 1.713e-05 -4.279411764705883
8 106422309 a g -0.0298 0.0068 1.163e-05 -4.382352941176471
8 106425447 a c -0.0293 0.0068 1.532e-05 -4.3088235294117645
8 106426097 a g 0.0296 0.0068 1.295e-05 4.352941176470589
8 106427276 c g 0.0293 0.0068 1.556e-05 4.3088235294117645
8 106433378 t c 0.0294 0.0068 1.442e-05 4.323529411764706
8 106452642 t g 0.0295 0.0068 1.383e-05 4.338235294117647
8 106460871 t c -0.0296 0.0068 1.367e-05 -4.352941176470589
8 106463101 a g -0.0294 0.0068 1.467e-05 -4.323529411764706
8 106463270 t c -0.0301 0.0068 9.332e-06 -4.426470588235294
8 106463489 c g -0.0301 0.0068 9.033e-06 -4.426470588235294
8 106463774 t c -0.0299 0.0068 1.048e-05 -4.397058823529412
8 106468592 t c 0.0256 0.0056 4.821e-06 4.571428571428572
8 106471210 a c 0.0216 0.0059 0.0002297 3.661016949152543
8 106474398 t g 0.0213 0.0059 0.0002792 3.610169491525424
8 106490018 a g -0.0247 0.0056 1.07e-05 -4.410714285714286
8 106490698 a t 0.0248 0.0056 9.322e-06 4.428571428571429
8 106507619 a g -0.0223 0.0066 0.0007497 -3.378787878787879
8 106508210 c g 0.0155 0.0058 0.007044 2.6724137931034484
8 106514091 a g 0.0305 0.0063 1.324e-06 4.841269841269841
8 106516054 c g 0.0299 0.0063 2.138e-06 4.746031746031746
8 106517865 a g -0.0301 0.0063 1.811e-06 -4.777777777777778
8 106517876 t c 0.0292 0.0063 3.801e-06 4.634920634920635
8 106517928 t c 0.0292 0.0063 3.703e-06 4.634920634920635
8 106517946 a g 0.0204 0.0067 0.002207 3.044776119402985
8 106518235 c g 0.0302 0.0063 1.613e-06 4.7936507936507935
8 106519305 t c 0.0304 0.0063 1.352e-06 4.825396825396825
8 106526469 t c 0.0283 0.0062 5.686e-06 4.564516129032258
8 106527975 t g 0.0282 0.0062 6.251e-06 4.548387096774194
8 106529045 a g -0.0273 0.006 4.923e-06 -4.55
8 106529866 a g 0.0246 0.0073 0.0007246 3.3698630136986303
8 106530523 t g 0.0281 0.0062 6.435e-06 4.532258064516129
8 106532122 t c 0.0259 0.0053 1.297e-06 4.886792452830188
8 106533619 a g 0.0284 0.0062 5.363e-06 4.580645161290323
8 106534599 a g 0.0287 0.0063 4.344e-06 4.555555555555555
8 106536683 t g 0.0314 0.0057 2.878e-08 5.508771929824561
8 106547401 t c 0.0276 0.0084 0.001091 3.285714285714286
8 106547516 t g -0.0192 0.0058 0.0008636 -3.310344827586207
8 106549086 c g -0.0282 0.0084 0.0008296 -3.357142857142857
8 106558235 t c -0.0231 0.0083 0.005305 -2.783132530120482
8 106560278 t c 0.0283 0.0084 0.0007641 3.369047619047619
8 106560370 a g 0.0189 0.0057 0.001025 3.3157894736842106
8 106564652 a g -0.0317 0.0057 2.473e-08 -5.56140350877193
8 106564722 a g 0.0189 0.0057 0.0009767 3.3157894736842106
8 106564917 c g -0.0187 0.0057 0.001137 -3.280701754385965
8 106572854 t c 0.0192 0.0057 0.0008135 3.3684210526315783
8 106573578 t c -0.0193 0.0057 0.0007815 -3.3859649122807016
8 106575332 t c -0.0193 0.0057 0.0007635 -3.3859649122807016
8 106580607 a g 0.0195 0.0057 0.0006744 3.4210526315789473
8 106580747 a g -0.0297 0.0084 0.0004299 -3.535714285714286
8 106581528 a t 0.0275 0.0057 1.516e-06 4.824561403508771
8 106583398 c g -0.0167 0.0057 0.003174 -2.9298245614035086
8 106586094 t c 0.0199 0.0058 0.0005278 3.431034482758621
8 106589534 a g -0.0206 0.0058 0.0003869 -3.5517241379310347
8 106590684 a g 0.0207 0.0058 0.0003637 3.5689655172413794
8 106591448 a g 0.0291 0.0083 0.0004902 3.5060240963855422
8 106592034 a g 0.0597 0.0231 0.009787 2.5844155844155847
8 106593207 a c -0.0305 0.0062 8.453e-07 -4.919354838709677
8 106593558 a g -0.0309 0.0059 1.523e-07 -5.237288135593221
8 106610810 t g -0.0217 0.0078 0.005521 -2.7820512820512824
8 106611964 a t 0.0238 0.0076 0.00174 3.1315789473684212
8 106615986 a t -0.0216 0.0068 0.001546 -3.1764705882352944
8 106617348 a g -0.0224 0.0068 0.001039 -3.294117647058824
8 106618410 a g -0.0215 0.0068 0.001618 -3.161764705882353
8 106627287 a g 0.0216 0.0078 0.005658 2.7692307692307696
8 106628731 a g -0.0224 0.0079 0.004469 -2.835443037974683
8 106638308 t c -0.0224 0.0079 0.004579 -2.835443037974683
8 106638548 a g -0.0217 0.0068 0.001474 -3.1911764705882355
8 106641560 t c -0.0215 0.0068 0.001578 -3.161764705882353
8 106651423 a c 0.0215 0.0079 0.006214 2.7215189873417716
8 106653211 a g 0.0216 0.0079 0.006329 2.7341772151898733
8 106654091 a g 0.0211 0.0069 0.002129 3.057971014492754
8 106654273 a g 0.0211 0.0069 0.002076 3.057971014492754
8 106655873 t g 0.0217 0.0079 0.006289 2.7468354430379747
