Chr BP Allele1 Allele2 Effect StdErr Pvalue Zscore
4 77889994 t c -0.0398 0.0131 0.002382 -3.0381679389312977
4 77228724 a c 0.0193 0.0058 0.000831 3.327586206896552
4 77391985 t c -0.0383 0.0145 0.008199 -2.6413793103448273
4 77371434 c g -0.0167 0.0058 0.004157 -2.8793103448275863
4 77843690 a t -0.025 0.0076 0.0009582 -3.2894736842105265
4 77904112 t g 0.0178 0.0057 0.001747 3.1228070175438596
4 77823642 a g -0.0203 0.0061 0.000938 -3.327868852459016
4 77412091 t g -0.023 0.0056 4.301e-05 -4.107142857142857
4 77338744 t c -0.0204 0.0065 0.001739 -3.138461538461539
4 77285969 t c 0.0172 0.0059 0.00324 2.915254237288136
4 77391701 a g 0.0293 0.0106 0.005586 2.7641509433962264
4 77392092 a g -0.0273 0.0063 1.405e-05 -4.333333333333334
4 77326185 c g -0.0355 0.0127 0.005227 -2.795275590551181
4 77376636 a c -0.0245 0.0065 0.0001436 -3.7692307692307696
4 77409945 t g -0.0233 0.0056 3.505e-05 -4.160714285714286
4 77892050 a g 0.0157 0.006 0.009218 2.6166666666666663
4 77915665 a g 0.018 0.0057 0.001556 3.157894736842105
4 77289918 t c 0.0171 0.0058 0.00351 2.9482758620689657
4 77362699 t c 0.0227 0.0086 0.008117 2.6395348837209305
4 77417214 a c 0.0312 0.0058 8.019e-08 5.379310344827586
4 77820949 a g -0.0202 0.0062 0.001036 -3.258064516129032
4 77368847 a g -0.0184 0.0056 0.000955 -3.2857142857142856
4 77258757 t c -0.0193 0.0058 0.0008259 -3.327586206896552
4 77420822 a c 0.0187 0.0056 0.0008259 3.3392857142857144
4 77280999 t c -0.0203 0.0065 0.001826 -3.123076923076923
4 77294546 c g -0.0173 0.0059 0.003115 -2.9322033898305087
4 77821154 t c -0.0202 0.0062 0.001017 -3.258064516129032
4 77411660 a g -0.0234 0.0056 3.255e-05 -4.178571428571429
4 77819187 c g 0.0206 0.0062 0.0008317 3.3225806451612905
4 77413179 a g -0.0234 0.0056 3.263e-05 -4.178571428571429
4 77828815 t c -0.0722 0.0205 0.000423 -3.521951219512195
4 77415900 a g -0.0301 0.0094 0.001393 -3.202127659574468
4 77414334 a g 0.0311 0.0096 0.001208 3.2395833333333335
4 77289408 a g 0.0328 0.0126 0.009219 2.6031746031746033
4 77365883 a g -0.0157 0.0059 0.007195 -2.6610169491525424
4 77331204 c g -0.017 0.0059 0.003701 -2.88135593220339
4 77404635 a g -0.02 0.0059 0.0006518 -3.3898305084745766
4 77418698 t g -0.0308 0.0058 1.103e-07 -5.310344827586207
4 77410318 a c -0.0163 0.0058 0.004574 -2.810344827586207
4 77805651 t c 0.0187 0.0068 0.006246 2.7500000000000004
4 77823640 t c -0.0204 0.0061 0.0009334 -3.3442622950819674
4 77885163 t g 0.0577 0.0197 0.003383 2.9289340101522847
4 77824289 a g 0.0206 0.0061 0.0007732 3.3770491803278686
4 77823330 a g 0.0166 0.0059 0.004672 2.8135593220338984
4 77372923 t c 0.0184 0.0056 0.0009213 3.2857142857142856
4 77281889 c g 0.0203 0.0065 0.001825 3.123076923076923
4 77830505 c g 0.022 0.0061 0.0003231 3.60655737704918
4 77418968 a g -0.0319 0.0058 4.372e-08 -5.5
4 77239140 a c -0.0194 0.0058 0.0008032 -3.344827586206897
4 77333030 t c -0.0176 0.0059 0.002632 -2.983050847457627
4 77420784 t c -0.0184 0.0056 0.00107 -3.2857142857142856
4 77801818 a t -0.0178 0.0068 0.009233 -2.6176470588235294
4 77819900 t c 0.02 0.0062 0.00121 3.2258064516129035
4 77263775 a c -0.0201 0.0065 0.00204 -3.0923076923076924
4 77278195 a g 0.018 0.0059 0.002067 3.0508474576271185
4 77409818 t c -0.0233 0.0056 3.372e-05 -4.160714285714286
4 77354030 t c 0.0253 0.0065 0.0001018 3.8923076923076922
4 77285754 a t 0.0201 0.0065 0.002009 3.0923076923076924
4 77834095 a g 0.0236 0.0061 0.0001146 3.8688524590163933
4 77439236 c g -0.0295 0.0069 1.969e-05 -4.275362318840579
4 77298898 t c 0.0172 0.0059 0.003238 2.915254237288136
4 77822470 a g -0.0199 0.0062 0.001213 -3.209677419354839
4 77813898 c g -0.0197 0.0067 0.003483 -2.9402985074626864
4 77875361 t c -0.0595 0.0197 0.002511 -3.020304568527919
4 77816229 a g 0.0184 0.0067 0.006253 2.746268656716418
4 77905112 a g 0.0181 0.0057 0.001391 3.175438596491228
4 77310135 a g -0.0169 0.0059 0.00382 -2.864406779661017
4 77319523 a g -0.0201 0.0065 0.002105 -3.0923076923076924
4 77834763 t g -0.0176 0.006 0.003527 -2.9333333333333336
4 77337335 t c 0.0208 0.0065 0.001443 3.2
4 77870321 c g 0.0559 0.0168 0.0008993 3.3273809523809526
4 77865429 t c -0.0273 0.0084 0.001216 -3.2500000000000004
4 77377228 t c -0.0263 0.0097 0.006747 -2.711340206185567
