Chr BP Allele1 Allele2 Effect StdErr Pvalue Zscore
3 48211777 t c -0.0277 0.0062 7.472e-06 -4.467741935483871
3 48214438 a g 0.0294 0.0061 1.462e-06 4.819672131147541
3 48215110 t c -0.0649 0.021 0.002008 -3.09047619047619
3 48215253 a g -0.0294 0.0061 1.556e-06 -4.819672131147541
3 48228994 a c 0.0276 0.0062 8.072e-06 4.451612903225807
3 48236507 a g -0.0278 0.0062 6.787e-06 -4.483870967741935
3 48237087 a c 0.0279 0.0062 6.4e-06 4.5
3 48249420 c g 0.0275 0.0062 8.262e-06 4.435483870967742
3 48259667 c g 0.0271 0.0062 1.067e-05 4.370967741935484
3 48272536 t g 0.0283 0.0061 3.473e-06 4.639344262295081
3 48276077 a t 0.0286 0.0058 1.025e-06 4.931034482758621
3 48293078 a g -0.0295 0.0061 1.223e-06 -4.836065573770491
3 48297611 a g 0.0289 0.0058 7.3e-07 4.982758620689656
3 48301172 a c -0.0285 0.0061 2.757e-06 -4.672131147540983
3 48303669 a g 0.0277 0.0061 6.443e-06 4.5409836065573765
3 48305456 t c -0.0279 0.0061 5.502e-06 -4.573770491803279
3 48312229 a g 0.0288 0.0058 7.721e-07 4.9655172413793105
3 48312402 t c 0.0284 0.0061 2.804e-06 4.655737704918033
3 48323890 a g -0.0288 0.0061 2.267e-06 -4.721311475409836
3 48326433 t c 0.0288 0.0061 2.119e-06 4.721311475409836
3 48327450 t c -0.0288 0.0061 2.173e-06 -4.721311475409836
3 48327729 t c 0.0287 0.0061 2.384e-06 4.7049180327868845
3 48328812 t c 0.0289 0.0061 2.142e-06 4.737704918032787
3 48333342 t c 0.0267 0.0061 1.114e-05 4.377049180327869
3 48337206 t c -0.0284 0.0061 3.941e-06 -4.655737704918033
3 48339618 a g 0.0283 0.0061 4.012e-06 4.639344262295081
3 48342882 t c -0.0284 0.0061 3.751e-06 -4.655737704918033
3 48343087 t c -0.0285 0.0061 3.706e-06 -4.672131147540983
3 48343877 a g -0.0285 0.0061 3.636e-06 -4.672131147540983
3 48343920 t c -0.0285 0.0061 3.635e-06 -4.672131147540983
3 48346985 t g -0.0284 0.0061 3.726e-06 -4.655737704918033
3 48350375 a g 0.0285 0.0061 3.473e-06 4.672131147540983
3 48362097 c g -0.0281 0.0061 4.707e-06 -4.60655737704918
3 48365218 c g -0.0284 0.0061 3.749e-06 -4.655737704918033
3 48366971 a c -0.0286 0.0061 3.233e-06 -4.688524590163934
3 48369034 a g -0.0284 0.0061 3.806e-06 -4.655737704918033
3 48373262 a g -0.0286 0.0061 3.209e-06 -4.688524590163934
3 48374077 a g -0.0287 0.0062 3.089e-06 -4.629032258064516
3 48377276 t c -0.0289 0.0062 2.77e-06 -4.661290322580645
3 48416186 a g -0.0172 0.0056 0.002249 -3.0714285714285716
3 48418226 t c 0.0175 0.0056 0.001931 3.1250000000000004
3 48418571 t c 0.0172 0.0056 0.002213 3.0714285714285716
3 48419689 t c 0.0169 0.0056 0.002718 3.017857142857143
3 48433635 a c 0.0164 0.0056 0.00361 2.928571428571429
3 48440047 a g -0.0165 0.0056 0.003412 -2.9464285714285716
3 48449149 t c -0.016 0.0056 0.004504 -2.857142857142857
3 48461313 c g 0.0168 0.0056 0.002918 3.0
3 48468798 a c 0.063 0.0155 4.673e-05 4.064516129032258
3 48473204 a g 0.0167 0.0056 0.003011 2.982142857142857
3 48479207 t c -0.0155 0.0057 0.005968 -2.719298245614035
3 48484890 t c -0.0159 0.0056 0.004884 -2.8392857142857144
3 48487911 a g -0.0163 0.0057 0.00399 -2.859649122807017
3 48489398 a g -0.0173 0.0056 0.00226 -3.0892857142857144
3 48490608 c g 0.0157 0.0058 0.007062 2.706896551724138
3 48494542 t c 0.0171 0.0056 0.002421 3.053571428571429
3 48517349 a g 0.0671 0.0197 0.0006687 3.4060913705583764
3 48530953 t c -0.0494 0.0165 0.002812 -2.9939393939393937
3 48539536 t c 0.0632 0.0187 0.0007392 3.379679144385027
3 48625266 t c 0.021 0.0064 0.001088 3.28125
3 48695834 t c 0.048 0.0087 2.994e-08 5.517241379310345
3 48708347 t c -0.0509 0.0091 1.935e-08 -5.593406593406593
3 48763656 a g 0.0363 0.0102 0.000366 3.5588235294117645
3 48766111 a g 0.0573 0.0123 2.92e-06 4.658536585365853
3 48768680 t c -0.0189 0.0058 0.001206 -3.2586206896551726
3 48769855 a g -0.0244 0.0076 0.001363 -3.210526315789474
3 48806860 t g 0.0717 0.0203 0.0004045 3.5320197044334978
3 48813784 t c -0.0468 0.012 9.883e-05 -3.9
3 48830593 t c 0.0222 0.0077 0.004077 2.883116883116883
3 48924190 t g 0.0494 0.0172 0.004155 2.8720930232558137
3 48982335 t c 0.0355 0.012 0.003056 2.958333333333333
3 48994943 a g -0.0516 0.0092 1.891e-08 -5.608695652173913
3 48995818 a g 0.0381 0.0114 0.0008667 3.3421052631578947
3 49064576 t c -0.0685 0.0147 2.995e-06 -4.659863945578232
3 49111878 a g 0.039 0.0113 0.0005329 3.4513274336283186
3 49280206 a g 0.0682 0.0151 6.248e-06 4.516556291390728
3 49361791 a g -0.0205 0.0052 8.037e-05 -3.9423076923076925
3 49390250 a g -0.0197 0.0057 0.0006025 -3.4561403508771926
3 49405164 a g 0.0294 0.0062 2.01e-06 4.741935483870968
3 49407660 c g -0.0294 0.0062 1.862e-06 -4.741935483870968
3 49409704 a g 0.0207 0.0057 0.0003035 3.631578947368421
3 49416825 a g -0.0291 0.0062 2.438e-06 -4.693548387096775
3 49417243 a c -0.0292 0.0062 2.211e-06 -4.709677419354839
3 49424283 t c -0.0295 0.0062 1.762e-06 -4.758064516129032
3 49438158 a g 0.0202 0.0057 0.0004137 3.543859649122807
3 49448527 t c -0.0205 0.0057 0.0003495 -3.5964912280701755
3 49450864 a g -0.02 0.0057 0.0004963 -3.508771929824561
3 49454112 a g 0.0292 0.0062 2.244e-06 4.709677419354839
3 49458355 c g -0.0293 0.0062 2.004e-06 -4.725806451612903
3 49459252 c g -0.0201 0.0058 0.0004655 -3.4655172413793105
3 49467206 c g -0.0208 0.0057 0.00029 -3.6491228070175437
3 49473077 a g -0.0278 0.0061 5.91e-06 -4.557377049180327
3 49474915 t c -0.0931 0.0264 0.0004137 -3.526515151515152
3 49477466 a g -0.0288 0.0062 2.942e-06 -4.645161290322581
3 49487487 a c 0.0289 0.0062 2.715e-06 4.661290322580645
3 49493151 t g -0.0285 0.0062 3.702e-06 -4.596774193548387
3 49497883 t g -0.0198 0.0057 0.0005516 -3.473684210526316
3 49499829 a g 0.0197 0.0057 0.0005991 3.4561403508771926
3 49502779 a g -0.0381 0.0086 9.508e-06 -4.430232558139535
3 49504118 a g 0.0199 0.0057 0.0005243 3.491228070175439
3 49517216 a g 0.0194 0.0058 0.0007394 3.344827586206897
3 49521974 t c 0.0199 0.0057 0.0004939 3.491228070175439
3 49525962 t g 0.0197 0.0057 0.0005751 3.4561403508771926
3 49539401 t c 0.0286 0.0062 3.337e-06 4.612903225806452
3 49539417 t c 0.0193 0.0057 0.0007327 3.3859649122807016
3 49543656 t c -0.0288 0.0062 2.89e-06 -4.645161290322581
3 49547561 t c 0.0285 0.0062 3.722e-06 4.596774193548387
3 49552295 t c -0.0189 0.0057 0.0009971 -3.3157894736842106
3 49557051 a g -0.0197 0.0057 0.0005541 -3.4561403508771926
3 49566715 t c 0.0197 0.0057 0.0005806 3.4561403508771926
3 49570200 t c -0.0289 0.0061 2.643e-06 -4.737704918032787
3 49579017 t c 0.0287 0.0061 2.889e-06 4.7049180327868845
3 49580347 t c 0.0209 0.0051 4.588e-05 4.098039215686274
3 49597013 t c -0.0284 0.0061 3.761e-06 -4.655737704918033
3 49597230 c g 0.0282 0.0062 4.628e-06 4.548387096774194
3 49597737 t c 0.0283 0.0061 3.879e-06 4.639344262295081
3 49606385 a g -0.0385 0.0089 1.428e-05 -4.325842696629214
3 49621367 t c -0.0447 0.0085 1.484e-07 -5.258823529411764
3 49635354 a g -0.0284 0.0062 4.424e-06 -4.580645161290323
3 49642430 t c -0.0304 0.0062 9.736e-07 -4.903225806451613
3 49650395 a g -0.0299 0.0062 1.459e-06 -4.82258064516129
3 49651210 a g -0.0301 0.0062 1.282e-06 -4.854838709677419
3 49656789 t g 0.0159 0.0051 0.001927 3.1176470588235294
3 49657852 t c 0.0169 0.0058 0.003344 2.913793103448276
3 49674147 c g 0.0299 0.0062 1.394e-06 4.82258064516129
3 49675334 c g 0.0297 0.0062 1.746e-06 4.790322580645162
3 49678307 a t 0.0297 0.0062 1.995e-06 4.790322580645162
3 49682311 a g -0.0302 0.0062 1.338e-06 -4.870967741935484
3 49696633 c g -0.0163 0.0057 0.004234 -2.859649122807017
3 49696797 a g 0.0299 0.0062 1.659e-06 4.82258064516129
3 49704987 t c -0.0162 0.0057 0.004552 -2.8421052631578947
3 49715446 a g 0.0156 0.0057 0.006106 2.7368421052631575
3 49717795 a c 0.0487 0.0123 8.102e-05 3.959349593495935
3 49718835 a g -0.0846 0.0264 0.001382 -3.204545454545454
3 49726178 a g -0.0545 0.011 7.19e-07 -4.954545454545455
3 49736565 a g -0.0202 0.0056 0.0003437 -3.607142857142857
3 49739086 t c -0.0204 0.0056 0.0003093 -3.6428571428571432
3 49744392 a g 0.0207 0.0056 0.0002549 3.6964285714285716
3 49745677 a g -0.02 0.0057 0.0004053 -3.508771929824561
3 49749705 a c 0.0495 0.0089 2.419e-08 5.561797752808989
3 49761605 t c -0.0202 0.0056 0.0003379 -3.607142857142857
3 49762662 t g -0.0206 0.0056 0.0002505 -3.678571428571429
3 49779764 t c 0.0162 0.0061 0.007405 2.6557377049180326
3 49784777 t c 0.0203 0.0056 0.000312 3.625
3 49790544 a c -0.0197 0.0056 0.0004654 -3.517857142857143
3 49798520 a g 0.0223 0.0057 7.937e-05 3.9122807017543857
3 49798920 a g -0.0224 0.0056 7.351e-05 -4.0
3 49799729 t c -0.0215 0.0056 0.0001347 -3.839285714285714
3 49800272 t c 0.0216 0.0056 0.0001227 3.857142857142857
3 49807085 t g 0.0217 0.0056 0.0001178 3.875
3 49808374 a g 0.0221 0.0056 8.975e-05 3.9464285714285716
3 49821625 t c -0.0221 0.0056 8.463e-05 -3.9464285714285716
3 49821769 t c -0.0341 0.0108 0.001681 -3.157407407407407
3 49842625 a g -0.0222 0.0056 7.95e-05 -3.9642857142857144
3 49858142 a g -0.0221 0.0056 8.709e-05 -3.9464285714285716
3 49866392 t c 0.0229 0.0056 4.912e-05 4.089285714285714
3 49868455 a g -0.0225 0.0056 6.665e-05 -4.017857142857142
3 49868520 t c 0.0156 0.0061 0.009973 2.5573770491803276
3 49880399 a g -0.0489 0.0089 4.372e-08 -5.49438202247191
3 49884913 t c 0.0149 0.0055 0.007111 2.7090909090909094
3 49899795 a g 0.0175 0.0058 0.002711 3.017241379310345
3 49900350 a g -0.0342 0.0086 6.748e-05 -3.9767441860465116
3 49910084 t c -0.0219 0.0057 0.0001304 -3.8421052631578947
3 49911155 a g 0.0167 0.0058 0.004031 2.8793103448275863
3 49920571 t c -0.0205 0.0057 0.0003387 -3.5964912280701755
3 49948728 t c -0.0158 0.0058 0.006438 -2.724137931034483
3 49951316 t c -0.0202 0.0057 0.0004059 -3.543859649122807
3 49965345 a c -0.0684 0.0159 1.653e-05 -4.30188679245283
3 49971831 t c -0.0185 0.0058 0.001397 -3.189655172413793
3 49972101 a g -0.0193 0.0057 0.0007372 -3.3859649122807016
3 49982765 t c 0.018 0.0058 0.001962 3.103448275862069
3 49996053 a g 0.0173 0.0058 0.00276 2.9827586206896552
3 49997963 a g 0.0193 0.0057 0.0007272 3.3859649122807016
3 50002245 t c -0.0189 0.0057 0.0009066 -3.3157894736842106
3 50003246 t c 0.0189 0.0057 0.0009138 3.3157894736842106
3 50008566 a g -0.0197 0.0057 0.0005544 -3.4561403508771926
3 50025530 a g -0.0195 0.0057 0.0006338 -3.4210526315789473
3 50027774 t c 0.0191 0.0057 0.0008003 3.350877192982456
3 50030858 t c 0.0171 0.0058 0.003123 2.9482758620689657
3 50035323 t c -0.0193 0.0057 0.0007074 -3.3859649122807016
3 50040194 a t 0.0199 0.0057 0.0004838 3.491228070175439
3 50059758 t c 0.0198 0.0057 0.0005092 3.473684210526316
3 50060332 c g -0.02 0.0057 0.0004585 -3.508771929824561
3 50071279 a c 0.0165 0.0058 0.004405 2.844827586206897
3 50073046 t c -0.0197 0.0057 0.0005776 -3.4561403508771926
3 50074641 t g -0.0167 0.0058 0.003851 -2.8793103448275863
3 50078221 t c 0.0155 0.0058 0.007216 2.6724137931034484
3 50078541 t c -0.02 0.0057 0.0004522 -3.508771929824561
3 50088266 t c 0.0195 0.0057 0.0006027 3.4210526315789473
3 50092226 a g -0.0201 0.0057 0.0004277 -3.526315789473684
3 50093209 a g -0.0171 0.0058 0.003075 -2.9482758620689657
3 50097319 a c -0.0201 0.0057 0.0004203 -3.526315789473684
3 50103343 t g 0.0587 0.0208 0.004811 2.822115384615385
3 50108792 a c -0.0172 0.0058 0.00296 -2.9655172413793105
3 50126215 a c -0.0164 0.0058 0.004427 -2.827586206896552
3 50130161 a c 0.0731 0.017 1.625e-05 4.3
3 50158191 t c 0.0166 0.0058 0.004051 2.8620689655172415
3 50159844 t c 0.0197 0.0057 0.0005577 3.4561403508771926
3 50160109 a g -0.0198 0.0057 0.0005321 -3.473684210526316
3 50162291 t g 0.0201 0.0057 0.000449 3.526315789473684
3 50174572 t c 0.0173 0.0061 0.004537 2.8360655737704916
3 50174844 a c -0.0319 0.0097 0.0009835 -3.288659793814433
3 50174848 a g -0.0213 0.0057 0.0002048 -3.7368421052631575
3 50176589 t c 0.018 0.0063 0.004068 2.8571428571428568
3 50178822 a g -0.027 0.0104 0.00937 -2.5961538461538463
3 50199330 a g -0.0398 0.0117 0.0007083 -3.4017094017094016
3 50200789 t c 0.0391 0.0119 0.0009932 3.2857142857142856
3 50210289 c g -0.0155 0.0058 0.00747 -2.6724137931034484
3 50238956 t c 0.0564 0.0218 0.009598 2.5871559633027523
3 50308040 c g -0.0392 0.0133 0.003263 -2.9473684210526314
3 50318315 t c 0.036 0.0126 0.004281 2.8571428571428568
3 50334540 t c -0.1316 0.0325 5.234e-05 -4.0492307692307685
3 50343600 t c 0.0326 0.01 0.001117 3.26
