Chr BP Allele1 Allele2 Effect StdErr Pvalue Zscore
4 57724100 a c -0.0185 0.0059 0.001706 -3.135593220338983
4 57725980 a g -0.0397 0.0076 1.833e-07 -5.223684210526316
4 57731446 t c -0.017 0.0061 0.005344 -2.7868852459016393
4 57734314 a g -0.0398 0.0077 2.436e-07 -5.1688311688311686
4 57734591 t c 0.0404 0.0077 1.632e-07 5.246753246753246
4 57740533 a g 0.0398 0.0077 2.332e-07 5.1688311688311686
4 57740536 a g -0.0401 0.0077 1.761e-07 -5.207792207792207
4 57746017 a c -0.0149 0.0056 0.008181 -2.6607142857142856
4 57747255 a g -0.016 0.0056 0.004424 -2.857142857142857
4 57747276 t c -0.0158 0.0056 0.00527 -2.8214285714285716
4 57747634 t c -0.0156 0.0056 0.005344 -2.7857142857142856
4 57753417 t c -0.0156 0.006 0.009849 -2.5999999999999996
4 57757067 t g -0.0155 0.0058 0.007205 -2.6724137931034484
4 57757966 t g -0.0156 0.0058 0.007039 -2.689655172413793
4 57758974 a g -0.0156 0.0058 0.007094 -2.689655172413793
4 57760518 t g 0.0185 0.0057 0.001206 3.245614035087719
4 57761839 a g 0.0184 0.0057 0.001269 3.2280701754385963
4 57761967 c g 0.0187 0.0059 0.001517 3.1694915254237293
4 57769514 t c -0.016 0.0058 0.005525 -2.7586206896551726
4 57773908 a g 0.0388 0.007 2.956e-08 5.542857142857143
4 57778685 a g -0.0395 0.007 1.566e-08 -5.642857142857143
4 57780030 a t 0.0162 0.0058 0.005052 2.793103448275862
4 57795514 t g -0.0152 0.0058 0.008618 -2.620689655172414
4 57805635 a g -0.0293 0.011 0.007405 -2.6636363636363636
4 57823476 t c 0.0325 0.0063 2.59e-07 5.158730158730159
4 57831564 c g -0.039 0.007 3.014e-08 -5.571428571428571
4 57838583 t g 0.032 0.0063 3.753e-07 5.079365079365079
4 57841213 c g 0.0386 0.007 3.988e-08 5.514285714285714
4 57894717 c g 0.0359 0.0077 3.144e-06 4.662337662337662
4 57901774 a g 0.0314 0.008 8.247e-05 3.9249999999999994
4 57902276 a g 0.031 0.0079 9.532e-05 3.924050632911392
4 57903747 a c 0.0223 0.0066 0.0006861 3.378787878787879
4 57910285 a g -0.0303 0.0093 0.001145 -3.2580645161290325
4 57910527 t c -0.0218 0.0073 0.002623 -2.9863013698630136
4 58126104 t c 0.0297 0.0112 0.007943 2.6517857142857144
4 58136070 t c -0.0429 0.014 0.002215 -3.064285714285714
