Chr BP Allele1 Allele2 Effect StdErr Pvalue Zscore
6 82207686 t c 0.0632 0.0244 0.009563 2.5901639344262297
6 82385931 a g -0.0793 0.029 0.006181 -2.7344827586206892
6 82417429 a t -0.0323 0.0077 2.74e-05 -4.194805194805195
6 82423281 a c 0.0318 0.0077 3.192e-05 4.12987012987013
6 82425890 a g 0.0318 0.0077 3.345e-05 4.12987012987013
6 82428495 a g -0.0318 0.0077 3.342e-05 -4.12987012987013
6 82431304 a c 0.0175 0.0057 0.002203 3.0701754385964914
6 82432826 a g -0.0178 0.0057 0.001813 -3.1228070175438596
6 82433166 a c 0.0315 0.0076 3.534e-05 4.144736842105263
6 82434620 t c -0.0318 0.0077 3.288e-05 -4.12987012987013
6 82436154 a g 0.0317 0.0077 3.491e-05 4.116883116883117
6 82436381 a g 0.0317 0.0077 3.45e-05 4.116883116883117
6 82436610 a t -0.0326 0.0115 0.004573 -2.834782608695652
6 82440335 t c 0.0173 0.0057 0.002442 3.0350877192982453
6 82442157 a g 0.032 0.0077 2.896e-05 4.1558441558441555
6 82445375 a g -0.0315 0.0105 0.00277 -3.0
6 82459034 t c 0.0992 0.0213 3.131e-06 4.657276995305164
6 82503209 c g 0.0175 0.006 0.003385 2.916666666666667
6 82515315 a g -0.0255 0.0089 0.004353 -2.8651685393258424
6 82530507 a t -0.0261 0.0067 9.664e-05 -3.8955223880597014
6 82531248 c g 0.0261 0.0067 9.476e-05 3.8955223880597014
6 82543692 t c -0.0247 0.0064 0.0001259 -3.8593749999999996
6 82547535 a c -0.0266 0.01 0.00812 -2.6599999999999997
6 82550487 a g -0.0243 0.0064 0.0001509 -3.7968749999999996
6 82575463 t c -0.0265 0.0096 0.005862 -2.760416666666667
6 82578196 a g 0.0238 0.0058 4.745e-05 4.103448275862069
6 82585688 a c -0.0366 0.0103 0.0003977 -3.5533980582524274
6 82589857 t c 0.0302 0.0098 0.002116 3.0816326530612246
6 82591279 t g 0.0304 0.0058 1.644e-07 5.241379310344828
6 82596092 c g -0.032 0.0056 1.386e-08 -5.714285714285714
6 82599777 a g -0.0309 0.0056 4.266e-08 -5.517857142857143
6 82610040 a t 0.0279 0.0057 9.939e-07 4.894736842105263
6 82610327 a g -0.0279 0.0057 9.822e-07 -4.894736842105263
6 82614046 a g -0.0297 0.0057 1.544e-07 -5.2105263157894735
6 82616083 t c -0.0295 0.0056 1.55e-07 -5.267857142857142
6 82623890 t c 0.0236 0.0064 0.0002347 3.6874999999999996
6 82632249 t g -0.0212 0.008 0.008417 -2.65
6 82633777 a c -0.032 0.0057 2.009e-08 -5.614035087719298
6 82635775 c g 0.0318 0.0057 2.32e-08 5.578947368421053
6 82638435 t c -0.0257 0.0062 3.771e-05 -4.145161290322581
6 82646054 a g -0.0198 0.0062 0.001326 -3.1935483870967745
6 82647162 t c -0.0198 0.0062 0.001325 -3.1935483870967745
6 82647678 t c 0.0186 0.0069 0.007336 2.6956521739130435
6 82649281 t c 0.0151 0.0057 0.007891 2.6491228070175437
6 82663152 a c -0.0157 0.0057 0.006364 -2.7543859649122804
6 82667875 a g -0.0211 0.0062 0.0007119 -3.403225806451613
6 82679113 t c 0.018 0.0057 0.001534 3.157894736842105
6 82679174 t g 0.0229 0.0074 0.002086 3.0945945945945943
6 82682832 a g -0.0165 0.0057 0.003687 -2.8947368421052633
6 82683426 a t 0.0177 0.0057 0.001819 3.1052631578947367
6 82684114 a c -0.0166 0.0057 0.003452 -2.9122807017543857
6 82685585 a g 0.0342 0.0057 2.405e-09 6.0
6 82687612 a g 0.0221 0.0074 0.002702 2.9864864864864864
6 82689730 t c 0.022 0.0074 0.002834 2.972972972972973
6 82692160 t g -0.0338 0.0057 3.393e-09 -5.929824561403508
6 82697670 t c -0.0218 0.0074 0.003103 -2.9459459459459456
6 82698899 t c -0.0218 0.0074 0.003055 -2.9459459459459456
6 82700316 a g -0.0196 0.0059 0.0008913 -3.3220338983050848
6 82701424 t c 0.0611 0.0225 0.006704 2.715555555555556
6 82706621 t c -0.0187 0.0057 0.00101 -3.280701754385965
6 82708551 t c -0.0186 0.0057 0.001078 -3.2631578947368416
6 82714573 a g 0.0178 0.0058 0.001959 3.0689655172413794
6 82715784 t c -0.0196 0.0059 0.0008994 -3.3220338983050848
6 82719516 t c -0.0207 0.0059 0.00041 -3.5084745762711864
6 82720535 a c -0.0195 0.0059 0.001004 -3.305084745762712
6 82720589 a c 0.0207 0.0059 0.0004199 3.5084745762711864
6 82721122 a g -0.0206 0.0059 0.0004342 -3.4915254237288136
6 82723807 t g -0.0195 0.006 0.00113 -3.25
6 82728351 a c 0.0255 0.0059 1.409e-05 4.322033898305085
6 82731411 t c 0.0208 0.0057 0.0002309 3.6491228070175437
6 82731761 c g -0.0207 0.0057 0.0002495 -3.631578947368421
6 82736581 t c 0.0212 0.0057 0.0001711 3.719298245614035
6 82737199 c g 0.0261 0.0058 7.346e-06 4.500000000000001
6 82737735 t c 0.0214 0.0056 0.0001557 3.821428571428571
6 82747909 a g 0.021 0.0057 0.000204 3.6842105263157894
6 82751632 t c -0.0266 0.0059 6.645e-06 -4.508474576271186
6 82811134 t c -0.0227 0.0081 0.004844 -2.8024691358024696
6 82831879 a t 0.0896 0.031 0.003905 2.890322580645161
6 82832492 t c -0.0228 0.0079 0.004047 -2.8860759493670884
6 82843017 t g 0.0229 0.008 0.004338 2.8625
