Chr BP Allele1 Allele2 Effect StdErr Pvalue Zscore
1 55121385 t c -0.042 0.016 0.008796 -2.625
1 55406514 a c -0.035 0.0109 0.001348 -3.211009174311927
1 55410663 a g -0.0353 0.0109 0.001196 -3.238532110091743
1 55431072 a g -0.0262 0.0102 0.009814 -2.568627450980392
1 55435139 c g 0.0264 0.0101 0.009188 2.613861386138614
1 55485919 c g 0.0327 0.0082 6.766e-05 3.98780487804878
1 55486064 a g -0.0227 0.0056 4.436e-05 -4.053571428571429
1 55487346 c g 0.0449 0.0067 2.024e-11 6.701492537313433
1 55487634 a t 0.0258 0.0062 3.011e-05 4.161290322580645
1 55487648 a g 0.0506 0.0074 7.162e-12 6.837837837837838
1 55487786 a g -0.0334 0.0082 4.7e-05 -4.073170731707316
1 55489082 c g 0.0247 0.0061 5.494e-05 4.049180327868852
1 55490282 t c 0.0304 0.0086 0.0004193 3.5348837209302326
1 55496131 a g 0.0346 0.0102 0.000705 3.3921568627450975
1 55498949 t c 0.0227 0.0066 0.0005937 3.4393939393939394
1 55499156 t c 0.024 0.0072 0.0008189 3.3333333333333335
1 55500978 c g -0.0773 0.0227 0.0006502 -3.4052863436123344
1 55504650 a g -0.026 0.0055 1.915e-06 -4.7272727272727275
1 55512882 c g -0.0234 0.0074 0.001493 -3.1621621621621623
1 55516713 t c -0.0239 0.0086 0.005449 -2.7790697674418605
1 55518682 t c -0.0239 0.0062 0.0001159 -3.8548387096774195
1 55519015 t g 0.0221 0.0062 0.0003614 3.5645161290322585
1 55519238 t c 0.0184 0.0062 0.003246 2.967741935483871
1 55590015 t c -0.0416 0.0134 0.001987 -3.104477611940298
1 55652983 t g 0.0161 0.0058 0.005732 2.7758620689655173
1 55700480 t c -0.0793 0.0287 0.005676 -2.763066202090592
1 55758286 t c -0.1102 0.03 0.0002408 -3.673333333333334
1 55808055 t c 0.0573 0.0216 0.008023 2.6527777777777777
