Chr BP Allele1 Allele2 Effect StdErr Pvalue Zscore
9 110048833 c g 0.0758 0.028 0.006758 2.7071428571428573
9 110221344 t c 0.0201 0.0056 0.0003414 3.5892857142857144
9 110221445 t c -0.0201 0.0056 0.0003385 -3.5892857142857144
9 110226138 a g -0.023 0.006 0.0001358 -3.833333333333333
9 110226729 t c 0.023 0.006 0.0001372 3.833333333333333
9 110226742 c g 0.0229 0.006 0.0001422 3.8166666666666664
9 110227162 a g 0.0232 0.0061 0.000128 3.8032786885245895
9 110227475 t c -0.0224 0.0056 6.989e-05 -4.0
9 110231451 a g -0.0163 0.0057 0.00431 -2.859649122807017
9 110359718 t c 0.0189 0.0072 0.009055 2.625
9 110367396 a t -0.0158 0.0059 0.007383 -2.6779661016949157
9 110467550 t c -0.0609 0.0201 0.002411 -3.029850746268657
9 110469450 a g -0.0532 0.0201 0.00806 -2.646766169154229
9 110472452 t c 0.0242 0.0082 0.003248 2.9512195121951215
9 110472932 t c 0.0472 0.0156 0.00245 3.0256410256410255
9 110477887 a g 0.0255 0.0075 0.0006318 3.4
9 110485158 a t -0.0249 0.0075 0.0008872 -3.32
9 110493942 t c -0.0333 0.0113 0.003269 -2.946902654867257
9 110494208 t c -0.0214 0.0066 0.001169 -3.242424242424242
9 110504472 a g 0.0202 0.0057 0.0003776 3.543859649122807
9 110504684 t c -0.0358 0.0071 4.511e-07 -5.04225352112676
9 110505825 t c -0.0213 0.0057 0.0001821 -3.7368421052631575
9 110507826 t c -0.0274 0.0058 1.926e-06 -4.724137931034483
9 110509289 a g -0.0287 0.0058 7.752e-07 -4.948275862068966
9 110510224 t c -0.0335 0.0122 0.006165 -2.7459016393442623
9 110511936 t c 0.032 0.0063 3.956e-07 5.079365079365079
9 110514284 t c -0.0319 0.0058 3.675e-08 -5.5
9 110514626 t c -0.0324 0.0058 1.743e-08 -5.586206896551724
9 110525188 a g 0.0401 0.0126 0.001506 3.1825396825396823
9 110526109 t c 0.0433 0.0063 7.685e-12 6.873015873015873
9 110527352 a t 0.0391 0.0068 1.073e-08 5.750000000000001
9 110528973 t c 0.043 0.0122 0.0004338 3.524590163934426
9 110530761 t c 0.0477 0.0118 5.186e-05 4.0423728813559325
9 110532619 t c 0.0341 0.0069 7.72e-07 4.942028985507246
9 110534010 t c 0.035 0.0062 1.78e-08 5.645161290322581
9 110536344 a g 0.0451 0.0126 0.000355 3.5793650793650795
9 110536747 a g 0.0322 0.0058 3.129e-08 5.551724137931035
9 110543330 t g -0.0405 0.006 1.621e-11 -6.75
9 110545957 t c -0.046 0.0126 0.0002732 -3.6507936507936507
9 110546232 a g -0.0467 0.0127 0.0002293 -3.677165354330709
9 110556602 a c 0.0189 0.0065 0.003903 2.907692307692308
9 110584352 a g 0.0723 0.0241 0.002664 3.0
9 110683746 t c 0.067 0.0253 0.008062 2.648221343873518
9 110911155 a g -0.0195 0.0069 0.004526 -2.8260869565217392
9 110946380 t c -0.0197 0.0065 0.002569 -3.0307692307692307
