Chr BP Allele1 Allele2 Effect StdErr Pvalue Zscore
4 147767162 a g 0.0312 0.0234 0.1828 1.3333333333333333
4 147813970 t g -0.0132 0.0131 0.3127 -1.0076335877862594
4 147886775 t c -0.0112 0.0132 0.3961 -0.8484848484848485
4 147918285 t c -0.0022 0.0082 0.7926 -0.2682926829268293
4 147936140 c g 0.03 0.0121 0.01301 2.479338842975207
4 147965941 t c -0.0806 0.0336 0.01631 -2.398809523809524
4 148020863 a t 0.0393 0.0215 0.06762 1.8279069767441862
4 148021155 t c 0.0398 0.0215 0.06427 1.8511627906976746
4 148101972 t c 0.0138 0.026 0.5966 0.5307692307692308
4 148103963 t c 0.0003 0.0168 0.9878 0.017857142857142856
4 148219046 a c -0.0007 0.013 0.9574 -0.05384615384615385
4 148256891 t c -0.039 0.0068 1.221e-08 -5.735294117647059
4 148378849 a g 0.0464 0.0081 1.115e-08 5.728395061728395
4 148379386 t c -0.0144 0.0062 0.01984 -2.3225806451612905
4 148382347 a g -0.0297 0.0204 0.1454 -1.4558823529411764
4 148498287 a g -0.004 0.0103 0.6956 -0.3883495145631068
4 148633428 a g -0.0043 0.0092 0.6365 -0.4673913043478261
4 148687610 a g 0.0061 0.0105 0.5596 0.580952380952381
4 148728123 t c 0.013 0.0111 0.241 1.171171171171171
4 148729973 c g 0.0179 0.0132 0.1769 1.356060606060606
4 148822388 t c 0.0146 0.0216 0.4987 0.6759259259259259
