Chr BP Allele1 Allele2 Effect StdErr Pvalue Zscore
8 19346424 t c 0.0126 0.0071 0.07781 1.7746478873239435
8 19385972 a g 0.0063 0.0072 0.3855 0.875
8 19403517 t c 0.0263 0.0212 0.2138 1.2405660377358492
8 19426637 a g -0.0218 0.0153 0.1558 -1.4248366013071896
8 19435563 t c 0.0041 0.0075 0.5804 0.5466666666666667
8 19437153 t c 0.0039 0.0075 0.6002 0.52
8 19464314 c g -0.007 0.0075 0.3494 -0.9333333333333333
8 19537920 a g 0.007 0.0064 0.2705 1.09375
8 19591202 c g 0.0098 0.0062 0.1179 1.5806451612903225
8 19610205 t c 0.003 0.0112 0.7905 0.26785714285714285
8 19636940 a c 0.023 0.0072 0.001432 3.1944444444444446
8 19668707 t c -0.0302 0.0085 0.0003843 -3.552941176470588
8 19708739 t c 0.1344 0.0578 0.02001 2.3252595155709344
8 19766145 t c 0.0138 0.0116 0.2353 1.1896551724137931
8 19820405 a g -0.0394 0.0057 6.674e-12 -6.912280701754385
8 19865760 c g 0.0158 0.0184 0.3915 0.8586956521739132
8 19872780 t c 0.0241 0.0052 3.245e-06 4.634615384615385
8 19877233 a g 0.0524 0.0091 8.604e-09 5.758241758241758
8 19892948 t c -0.016 0.0246 0.5158 -0.6504065040650406
8 19961197 a g 0.0311 0.0232 0.1814 1.3405172413793105
8 20012083 t c 0.0005 0.0067 0.9373 0.07462686567164178
8 20051560 t c -0.0099 0.0063 0.1136 -1.5714285714285716
8 20097325 t c 0.0112 0.0061 0.06389 1.8360655737704916
8 20098730 c g -0.0002 0.0059 0.9735 -0.03389830508474576
8 20150536 t c -0.0035 0.006 0.5535 -0.5833333333333334
8 20155901 a t -0.0009 0.0058 0.8749 -0.15517241379310345
8 20302530 a g 0.0013 0.006 0.8326 0.21666666666666665
8 20325723 t c 0.0167 0.012 0.165 1.3916666666666666
8 20340274 a g 0.0053 0.0084 0.5309 0.630952380952381
8 20373238 t c -0.043 0.0174 0.01334 -2.471264367816092
