Chr BP Allele1 Allele2 Effect StdErr Pvalue Zscore
1 115721520 a g -0.0185 0.0053 0.0004478 -3.490566037735849
1 115516222 t c 0.0297 0.0111 0.007388 2.6756756756756754
1 116012166 a g 0.0441 0.0144 0.002241 3.0625
1 116012440 t c 0.0399 0.014 0.004255 2.8499999999999996
1 115782068 a g 0.0217 0.0057 0.0001407 3.807017543859649
1 115902514 c g -0.0366 0.0077 1.867e-06 -4.753246753246753
1 115532498 a g 0.0298 0.0111 0.00714 2.684684684684685
1 115381898 t c 0.0309 0.0116 0.007904 2.6637931034482762
1 115884125 t g 0.0261 0.0071 0.0002563 3.676056338028169
1 115777538 a g -0.0236 0.0052 5.369e-06 -4.538461538461538
1 115894321 a c 0.0157 0.0056 0.00522 2.8035714285714284
1 115739122 a g 0.0419 0.0125 0.0007908 3.352
1 115763649 t c 0.0228 0.0072 0.001494 3.166666666666667
1 115757954 a g -0.0221 0.0071 0.001835 -3.112676056338028
1 115549579 a g 0.0291 0.0111 0.00869 2.6216216216216215
1 115379072 t g -0.0309 0.0116 0.007919 -2.6637931034482762
1 115909608 t c -0.0363 0.0078 3e-06 -4.653846153846154
1 115457979 a g -0.0294 0.0111 0.007834 -2.6486486486486482
1 115476018 a g 0.0297 0.0111 0.007231 2.6756756756756754
1 115414198 a g 0.0636 0.0216 0.003299 2.9444444444444446
1 115702326 t c 0.0216 0.0062 0.0005167 3.483870967741936
1 115260643 t c 0.0293 0.0113 0.009901 2.592920353982301
1 115745193 t c -0.0285 0.006 1.941e-06 -4.75
1 115790077 a g -0.0197 0.0071 0.005235 -2.7746478873239435
1 115432279 t g -0.0296 0.0111 0.007413 -2.6666666666666665
1 115355081 t c 0.0302 0.0116 0.009459 2.6034482758620694
1 115571192 a g 0.0246 0.0091 0.006923 2.703296703296703
1 115553266 t c 0.0245 0.0091 0.007185 2.692307692307692
1 115802776 c g 0.0191 0.0071 0.007061 2.690140845070422
1 115448499 a c -0.0295 0.0111 0.007723 -2.6576576576576576
1 115410170 t c 0.0288 0.0111 0.009124 2.5945945945945943
1 115752817 a c 0.0203 0.0071 0.004061 2.8591549295774645
1 115983958 a c -0.0158 0.0058 0.005987 -2.724137931034483
1 115903166 a g -0.0335 0.0073 3.835e-06 -4.589041095890411
1 116010590 t c 0.0406 0.0143 0.004396 2.8391608391608387
1 115798190 a g -0.0198 0.0071 0.005161 -2.7887323943661975
1 115755552 a g -0.0295 0.0062 2.285e-06 -4.758064516129032
1 115721206 a c -0.0235 0.0059 7.43e-05 -3.983050847457627
1 115760904 a g 0.029 0.0062 3.403e-06 4.67741935483871
1 115804974 a g 0.053 0.0199 0.007746 2.6633165829145726
1 115789549 a g -0.0409 0.0113 0.0002895 -3.6194690265486726
1 115362826 a g -0.03 0.0116 0.009835 -2.586206896551724
1 115757900 t c 0.021 0.007 0.002935 3.0
1 115670609 a g 0.0185 0.0063 0.0032 2.9365079365079363
1 115562906 t g 0.0246 0.0091 0.006571 2.703296703296703
1 115457393 t c -0.0322 0.0116 0.005458 -2.7758620689655173
1 115777997 t c 0.0287 0.0061 2.069e-06 4.7049180327868845
1 115726190 t c -0.0276 0.006 3.954e-06 -4.6
1 115664008 a g 0.0173 0.006 0.003879 2.8833333333333333
1 115602194 t c -0.0235 0.0079 0.0028 -2.9746835443037973
1 115399884 c g -0.0323 0.0115 0.005033 -2.8086956521739133
1 115882503 t c 0.026 0.0071 0.0002692 3.661971830985915
1 115794263 c g 0.0262 0.0058 6.044e-06 4.517241379310345
1 115737384 a g 0.0233 0.0071 0.001038 3.2816901408450705
1 115906331 a g 0.0326 0.0072 6.13e-06 4.527777777777778
1 116002318 a g 0.0408 0.014 0.003638 2.9142857142857146
1 115380363 a g 0.0307 0.0116 0.00819 2.6465517241379315
1 115749665 t c 0.0435 0.0124 0.0004697 3.508064516129032
1 115687027 t g 0.0488 0.015 0.001113 3.253333333333334
1 115758333 t g -0.0295 0.0062 2.232e-06 -4.758064516129032
1 115743495 t g 0.0227 0.0056 5.402e-05 4.053571428571429
1 115721220 a g -0.0235 0.0059 7.571e-05 -3.983050847457627
1 115419800 a c -0.0296 0.0111 0.007472 -2.6666666666666665
1 115595484 a g -0.0234 0.009 0.009286 -2.6
1 116014274 a g 0.0465 0.0145 0.00139 3.206896551724138
1 115461478 a g -0.0295 0.0111 0.007738 -2.6576576576576576
1 115758719 a g -0.0284 0.0062 4.521e-06 -4.580645161290323
1 115422982 a c -0.0309 0.0109 0.004372 -2.834862385321101
1 116012416 t c -0.0798 0.0275 0.003738 -2.901818181818182
1 115763367 t c -0.0287 0.0062 3.965e-06 -4.629032258064516
1 115460862 a g 0.0295 0.0111 0.007669 2.6576576576576576
1 115739587 a g 0.042 0.0125 0.0007644 3.36
1 115299486 a g -0.0292 0.0113 0.009846 -2.584070796460177
1 115753482 a g -0.0337 0.0054 4.159e-10 -6.2407407407407405
1 115745754 t c 0.0296 0.0058 4.341e-07 5.103448275862069
1 115672924 t c 0.0189 0.0063 0.002791 3.0
1 115390721 t g 0.032 0.0117 0.006328 2.735042735042735
1 115762581 t c -0.021 0.007 0.002818 -3.0
1 115720548 a g -0.0249 0.006 2.986e-05 -4.1499999999999995
1 115493379 t c -0.0299 0.0111 0.006975 -2.6936936936936937
1 115781583 t c -0.0279 0.0059 1.991e-06 -4.728813559322035
1 115733494 t c -0.0191 0.0056 0.0006484 -3.4107142857142856
1 115802824 a c 0.0192 0.0071 0.006602 2.7042253521126756
1 115721390 t g 0.0418 0.0146 0.00412 2.863013698630137
1 115600081 c g 0.0305 0.0112 0.006397 2.7232142857142856
1 115726332 a g 0.0234 0.0072 0.001082 3.25
1 115775769 t c 0.0281 0.0059 2.337e-06 4.762711864406779
1 115564009 t c 0.0671 0.0207 0.001204 3.241545893719807
1 115712965 a c -0.0252 0.006 2.639e-05 -4.2
1 115745572 a g 0.0296 0.0059 4.048e-07 5.016949152542373
1 115903696 t c 0.0339 0.0073 3.096e-06 4.643835616438356
1 115490137 c g 0.0298 0.0111 0.007131 2.684684684684685
1 115776964 a g -0.02 0.0071 0.004803 -2.816901408450704
1 115457926 t c -0.0294 0.0111 0.007834 -2.6486486486486482
1 115674621 t c 0.0166 0.0058 0.004506 2.8620689655172415
1 115378138 t c 0.0309 0.0116 0.007823 2.6637931034482762
1 116002351 t g -0.0411 0.014 0.003363 -2.9357142857142855
1 115753758 t c 0.0445 0.0146 0.002306 3.047945205479452
1 115423541 c g -0.0296 0.0111 0.007515 -2.6666666666666665
1 115564877 a g -0.0295 0.0111 0.007649 -2.6576576576576576
