Chr BP Allele1 Allele2 Effect StdErr Pvalue Zscore
7 129422136 a g 0.0281 0.0104 0.006713 2.701923076923077
7 129422494 a t 0.0209 0.0058 0.0003167 3.603448275862069
7 129424451 t c -0.023 0.0058 6.585e-05 -3.9655172413793105
7 129427201 a g 0.019 0.0057 0.0009245 3.333333333333333
7 129430994 a g 0.0296 0.0105 0.004785 2.819047619047619
7 129431123 a g -0.0271 0.0105 0.009974 -2.5809523809523807
7 129434841 t c -0.07 0.0252 0.005433 -2.777777777777778
7 129441080 t c 0.0678 0.0248 0.00618 2.7338709677419355
7 129616447 t c -0.0215 0.0061 0.00043 -3.524590163934426
7 129618116 a c 0.0282 0.0072 9.168e-05 3.9166666666666665
7 129621140 a g -0.0283 0.007 4.974e-05 -4.042857142857143
7 129621860 c g 0.0297 0.0071 2.953e-05 4.183098591549296
7 129629655 a g -0.0297 0.0066 7.525e-06 -4.5
7 129637694 a c -0.0241 0.0057 2.415e-05 -4.228070175438597
7 129639781 a c 0.0277 0.0058 2.124e-06 4.775862068965518
7 129639817 t c -0.0272 0.0058 3.208e-06 -4.689655172413794
7 129645087 a g -0.022 0.0059 0.0001709 -3.7288135593220337
7 129648273 a g 0.0269 0.0064 2.981e-05 4.203125
7 129650880 a g -0.0267 0.0058 3.841e-06 -4.603448275862069
7 129652438 t c -0.0268 0.0058 3.595e-06 -4.620689655172415
7 129657882 a g 0.0274 0.0053 2.026e-07 5.169811320754717
7 129670412 t c 0.0282 0.0053 8.234e-08 5.320754716981132
7 129674274 a g -0.0285 0.0061 3.598e-06 -4.672131147540983
7 129675923 c g -0.0318 0.0058 4.138e-08 -5.482758620689656
7 129679820 a g 0.0302 0.0065 3.227e-06 4.6461538461538465
7 129679851 a c -0.03 0.0065 3.712e-06 -4.615384615384616
7 129684755 t c -0.0298 0.0064 3.095e-06 -4.65625
7 129685597 a g -0.048 0.0061 4.721e-15 -7.868852459016393
7 129689178 a c 0.0303 0.006 5.158e-07 5.05
7 129700711 t c -0.066 0.0174 0.0001482 -3.7931034482758625
7 129715041 t g 0.0259 0.009 0.00401 2.8777777777777778
7 129715668 t c -0.026 0.009 0.003833 -2.888888888888889
7 129729344 t g 0.0257 0.0088 0.00366 2.9204545454545454
7 129730355 a g 0.0243 0.009 0.006901 2.7
7 129733643 a g 0.0231 0.0087 0.008203 2.6551724137931036
7 129741765 a g -0.0232 0.0087 0.007667 -2.6666666666666665
7 129744625 a g -0.0225 0.0087 0.009434 -2.586206896551724
7 129752312 t c -0.0189 0.0059 0.001213 -3.2033898305084745
7 129752501 t c -0.02 0.0052 0.0001165 -3.8461538461538463
7 129761083 t c 0.0179 0.0058 0.001873 3.086206896551724
7 129761478 t g 0.0176 0.0058 0.002339 3.03448275862069
7 129764961 a g -0.0201 0.0057 0.0003924 -3.526315789473684
7 129774204 a g 0.0201 0.0057 0.0004651 3.526315789473684
7 129782377 t c 0.0244 0.0073 0.0008437 3.3424657534246576
7 129784740 a g -0.0252 0.0063 5.662e-05 -4.0
7 129823347 c g -0.039 0.0111 0.0004656 -3.513513513513513
7 129838400 a g -0.0571 0.0215 0.007868 -2.655813953488372
7 130133910 a g -0.0347 0.0119 0.003569 -2.9159663865546217
