Chr BP Allele1 Allele2 Effect StdErr Pvalue Zscore
1 200593274 c g 0.0225 0.0058 0.0001198 3.8793103448275863
1 200640931 a t 0.0205 0.0056 0.000264 3.660714285714286
1 200650239 c g 0.0259 0.0057 5.22e-06 4.5438596491228065
1 200648439 a g -0.0261 0.0057 4.394e-06 -4.578947368421053
1 200662359 a t 0.0186 0.0056 0.0008624 3.321428571428571
1 200592805 t c -0.0202 0.0057 0.0004337 -3.543859649122807
1 200472393 a c 0.0159 0.0053 0.002476 3.0
1 200649121 a g -0.0259 0.0057 4.92e-06 -4.5438596491228065
1 200643454 t c 0.0207 0.0056 0.0002091 3.6964285714285716
1 200645489 a g -0.0203 0.0056 0.0003019 -3.625
1 200521412 a g -0.0162 0.0056 0.00376 -2.892857142857143
1 200481579 c g 0.0194 0.0073 0.007379 2.6575342465753424
1 200638662 a g -0.0205 0.0056 0.0002666 -3.660714285714286
1 200507096 a g -0.0171 0.006 0.004022 -2.85
1 200627312 a c 0.025 0.0057 1.152e-05 4.385964912280702
1 200646073 t c -0.0284 0.005 1.769e-08 -5.680000000000001
1 200826769 a g -0.0319 0.008 7.185e-05 -3.9875
1 200662941 a c 0.0185 0.0056 0.0009342 3.3035714285714284
1 200542362 t c -0.059 0.0229 0.009858 -2.576419213973799
1 200231967 a g -0.0706 0.0228 0.001957 -3.096491228070175
1 200815927 a g -0.026 0.0094 0.00598 -2.7659574468085104
1 200645101 t c 0.026 0.0057 4.846e-06 4.56140350877193
1 200648310 c g -0.0208 0.0056 0.0002071 -3.714285714285714
1 200496095 a g 0.019 0.0071 0.007551 2.676056338028169
1 200662178 t g 0.0189 0.0056 0.0007229 3.375
1 200557767 t c -0.018 0.0067 0.006975 -2.6865671641791042
