Chr BP Allele1 Allele2 Effect StdErr Pvalue Zscore
6 12224716 t c -0.028 0.0098 0.004477 -2.857142857142857
6 12294258 a g -0.0473 0.009 1.558e-07 -5.255555555555556
6 12428884 a g 0.0159 0.0057 0.005392 2.7894736842105265
6 12429371 a g -0.0189 0.0056 0.0007329 -3.375
6 12433205 a g -0.015 0.0057 0.00847 -2.631578947368421
6 12434490 a g 0.0149 0.0057 0.008843 2.6140350877192984
6 12436483 a g 0.0148 0.0057 0.009408 2.5964912280701755
6 12436527 a g -0.0149 0.0057 0.008764 -2.6140350877192984
6 12439699 a g 0.0148 0.0057 0.008986 2.5964912280701755
6 12441351 t c -0.0184 0.0056 0.001045 -3.2857142857142856
6 12441849 a g 0.0178 0.0057 0.001696 3.1228070175438596
6 12442338 t c 0.0152 0.0058 0.008539 2.620689655172414
6 12548958 a c 0.0533 0.0161 0.000935 3.31055900621118
6 12560914 a g -0.0523 0.0154 0.0007127 -3.396103896103896
6 12565050 a g 0.0574 0.0173 0.0009125 3.3179190751445087
6 12566905 a g -0.0753 0.0256 0.00328 -2.94140625
6 12574558 t c -0.0524 0.0158 0.0008889 -3.3164556962025316
6 12575468 a c 0.0759 0.0256 0.002993 2.9648437499999996
6 12576992 c g -0.0573 0.0173 0.0009234 -3.312138728323699
6 12588089 a g 0.049 0.0151 0.001204 3.2450331125827816
6 12588113 a g 0.0758 0.0254 0.002878 2.9842519685039375
6 12589269 a g 0.0527 0.0156 0.0007171 3.378205128205128
6 12589983 t c -0.0496 0.0152 0.001073 -3.263157894736842
6 12591395 a g 0.0481 0.0154 0.001746 3.123376623376623
6 12591442 a g -0.0464 0.0155 0.002766 -2.993548387096774
6 12592062 a g 0.0456 0.0152 0.002621 3.0
6 12600368 t c -0.052 0.0198 0.00877 -2.626262626262626
6 12603391 t c -0.0259 0.0077 0.0007896 -3.3636363636363633
6 12604017 a g 0.0264 0.0076 0.0005299 3.473684210526316
6 12605082 t c 0.0272 0.0068 5.686e-05 4.0
6 12606472 t c -0.0586 0.0211 0.005495 -2.7772511848341233
6 12644940 a c -0.056 0.0172 0.00113 -3.255813953488372
6 12707540 a t -0.032 0.009 0.0003965 -3.555555555555556
6 12720399 t c -0.0191 0.0056 0.000602 -3.4107142857142856
6 12721051 a g 0.0315 0.0093 0.0007163 3.3870967741935485
6 12722173 a g 0.0286 0.0052 4.602e-08 5.5
6 12723042 a g -0.0321 0.0103 0.001866 -3.1165048543689315
6 12725941 a g 0.029 0.0052 2.366e-08 5.5769230769230775
6 12734045 a t -0.0201 0.0059 0.0006769 -3.4067796610169494
6 12734891 a g 0.0316 0.0053 2.405e-09 5.962264150943397
6 12737565 t c -0.0328 0.0106 0.001988 -3.0943396226415096
6 12750721 t c -0.0196 0.006 0.001068 -3.2666666666666666
6 12752767 a g -0.0518 0.0131 7.951e-05 -3.9541984732824424
6 12754414 a c 0.0349 0.0108 0.001294 3.2314814814814814
6 12754987 t c 0.0355 0.0107 0.0009209 3.317757009345794
6 12757422 t c 0.0292 0.0061 1.457e-06 4.786885245901639
6 12764321 a g -0.0562 0.0058 1.9869999999999997e-22 -9.689655172413794
6 12764755 t c -0.0382 0.0103 0.0002067 -3.7087378640776696
6 12769015 t c 0.0378 0.0103 0.0002405 3.6699029126213594
6 12770823 t c 0.0428 0.0054 1.663e-15 7.925925925925925
6 12772924 c g 0.0375 0.0102 0.0002481 3.676470588235294
6 12775930 t c 0.0479 0.006 1.192e-15 7.9833333333333325
6 12776029 a g 0.0375 0.0103 0.0002595 3.640776699029126
6 12776212 a g -0.0378 0.0103 0.0002386 -3.6699029126213594
6 12778109 a c -0.048 0.006 1.013e-15 -8.0
6 12778218 a g -0.0483 0.006 7.122e-16 -8.05
6 12780032 t c 0.0556 0.0057 3.2129999999999998e-22 9.754385964912279
6 12780185 a g -0.056 0.0057 1.8009999999999997e-22 -9.824561403508772
6 12781416 t c -0.0537 0.0058 1.1930000000000001e-20 -9.258620689655173
6 12782518 c g 0.0377 0.0103 0.0002452 3.6601941747572813
6 12789191 t c -0.0535 0.0052 3.78e-25 -10.288461538461538
6 12790079 a g 0.0478 0.006 1.367e-15 7.966666666666667
6 12799417 a c -0.0482 0.006 7.371e-16 -8.033333333333333
6 12800332 a g -0.0528 0.0051 8.048e-25 -10.352941176470587
6 12800443 a t 0.0476 0.006 1.76e-15 7.933333333333334
6 12801488 c g 0.0491 0.006 4.974e-16 8.183333333333334
6 12801594 t g -0.048 0.006 9.71e-16 -8.0
6 12802815 c g -0.0481 0.006 8.49e-16 -8.016666666666666
6 12803314 a g -0.0197 0.0074 0.007679 -2.662162162162162
6 12803416 t c 0.048 0.006 1.011e-15 8.0
6 12803792 a g 0.0482 0.006 7.411e-16 8.033333333333333
6 12804870 a g 0.0385 0.0103 0.0001803 3.737864077669903
6 12805582 t c -0.0479 0.006 1.204e-15 -7.9833333333333325
6 12812948 a g 0.0399 0.0104 0.0001149 3.8365384615384617
6 12817237 a g 0.0577 0.0057 8.969e-24 10.12280701754386
6 12818142 c g -0.0549 0.006 3.718e-20 -9.149999999999999
6 12822566 t c -0.0281 0.0066 2.027e-05 -4.257575757575758
6 12823820 a g -0.0311 0.0095 0.001035 -3.2736842105263158
6 12827334 a t 0.0526 0.0053 4.2619999999999996e-23 9.924528301886793
6 12834714 t c 0.0327 0.0085 0.0001171 3.8470588235294114
6 12840508 t c 0.0321 0.0068 2.242e-06 4.720588235294118
6 12840877 c g 0.0339 0.0076 7.164e-06 4.4605263157894735
6 12841306 a g -0.0329 0.0068 1.276e-06 -4.838235294117647
6 12841985 a t -0.0343 0.0076 5.678e-06 -4.513157894736842
6 12842285 a g 0.0334 0.0076 9.577e-06 4.394736842105263
6 12842531 a g -0.0328 0.0068 1.375e-06 -4.8235294117647065
6 12844141 a t 0.0338 0.0075 7.629e-06 4.506666666666667
6 12844264 a c -0.0338 0.0075 7.516e-06 -4.506666666666667
6 12844405 t c -0.0338 0.0075 7.51e-06 -4.506666666666667
6 12844712 a g 0.0337 0.0075 7.922e-06 4.493333333333333
6 12845156 a g 0.0338 0.0075 7.676e-06 4.506666666666667
6 12845240 a c -0.0323 0.0068 1.914e-06 -4.750000000000001
6 12846847 a t -0.0314 0.0096 0.001025 -3.2708333333333335
6 12848685 t c -0.0339 0.0075 7.077e-06 -4.5200000000000005
6 12849304 a g 0.0326 0.0067 1.315e-06 4.865671641791044
6 12853659 t c -0.0669 0.0246 0.006433 -2.7195121951219514
6 12856827 a g 0.0346 0.0068 3.415e-07 5.088235294117647
6 12857408 a g 0.0325 0.0085 0.0001382 3.8235294117647056
6 12859886 a g 0.0512 0.0055 1.132e-20 9.30909090909091
6 12860762 t c 0.0331 0.0112 0.003028 2.955357142857143
6 12863250 a g 0.0351 0.0113 0.001872 3.106194690265487
6 12865243 a g -0.0517 0.0061 2.211e-17 -8.475409836065573
6 12866528 a g -0.0371 0.0113 0.001039 -3.283185840707965
6 12872092 a g -0.0507 0.0059 1.571e-17 -8.593220338983052
6 12874672 t g 0.0478 0.0065 2.286e-13 7.353846153846154
6 12875054 t g -0.0489 0.006 3.918e-16 -8.15
6 12877597 t g -0.0508 0.0066 9.751e-15 -7.696969696969696
6 12879101 a t -0.0692 0.0054 4.0839999999999995e-37 -12.814814814814813
6 12881163 a g -0.0653 0.0056 1.8450000000000002e-31 -11.660714285714285
6 12881855 a g -0.069 0.0058 1.609e-32 -11.896551724137932
6 12882105 a c -0.0453 0.0114 6.604e-05 -3.9736842105263155
6 12882732 t c -0.0462 0.0113 4.73e-05 -4.088495575221239
6 12886313 t c -0.0415 0.0099 2.612e-05 -4.191919191919192
6 12888047 a t 0.0417 0.0098 1.958e-05 4.255102040816327
6 12891103 t g -0.0736 0.0065 5.859e-30 -11.323076923076924
6 12891301 t c -0.0764 0.0053 6.660999999999999e-47 -14.415094339622641
6 12892456 a g 0.0714 0.0058 1.664e-34 12.310344827586208
6 12892486 a g -0.0741 0.0059 2.539e-36 -12.559322033898304
6 12892523 a t -0.0725 0.0065 4.262e-29 -11.153846153846153
6 12892754 t c -0.0707 0.0058 6.627e-34 -12.189655172413794
6 12898162 a g -0.0567 0.0128 1.001e-05 -4.4296875
6 12902441 t g -0.0756 0.0059 4.991e-37 -12.813559322033898
6 12908237 t g -0.0715 0.0277 0.009985 -2.5812274368231045
6 12908747 a t 0.0777 0.0061 2.703e-37 12.737704918032787
6 12909874 a g -0.0754 0.0053 4.4689999999999997e-45 -14.226415094339622
6 12913624 a g 0.0733 0.0194 0.000157 3.7783505154639174
6 12919148 a g -0.042 0.0089 2.235e-06 -4.719101123595506
6 12924332 a t -0.0628 0.0176 0.0003473 -3.5681818181818175
6 12927845 t c 0.0702 0.0053 2.249e-40 13.245283018867925
6 12934302 c g -0.0686 0.0057 1.59e-33 -12.035087719298245
6 12946412 c g -0.0654 0.0063 4.738e-25 -10.380952380952381
6 12953369 a g 0.0659 0.0081 4.482e-16 8.135802469135802
6 12955104 t c 0.0521 0.0067 5.649e-15 7.776119402985074
6 12956130 t g -0.0657 0.0082 7.721e-16 -8.012195121951217
6 12957035 t c -0.0598 0.0073 1.609e-16 -8.191780821917808
6 12961929 t g 0.0661 0.0096 5.116e-12 6.885416666666668
6 12962690 a g -0.0515 0.0068 2.806e-14 -7.573529411764706
6 12966437 c g 0.0504 0.0067 3.646e-14 7.522388059701492
6 12972739 a g -0.0813 0.0189 1.628e-05 -4.301587301587301
6 12986217 a g -0.0409 0.0071 1.026e-08 -5.76056338028169
6 12987237 a g 0.0432 0.0063 9.341e-12 6.857142857142858
6 12998889 t c -0.0387 0.0071 5.75e-08 -5.450704225352112
6 13001874 a c 0.0441 0.0069 1.611e-10 6.391304347826087
6 13011944 a g -0.0452 0.0076 3.426e-09 -5.947368421052631
6 13015501 c g 0.0371 0.0071 2.014e-07 5.225352112676056
6 13020282 a g 0.0755 0.0198 0.0001331 3.8131313131313127
6 13024606 t c 0.0353 0.0071 5.564e-07 4.971830985915492
6 13025211 a g 0.0499 0.0135 0.000215 3.696296296296296
6 13030256 a g 0.0325 0.0069 2.287e-06 4.710144927536232
6 13031740 a c -0.0414 0.0073 1.226e-08 -5.671232876712328
6 13032911 t c 0.0458 0.0171 0.007366 2.678362573099415
6 13034629 c g -0.0335 0.0068 9.919e-07 -4.926470588235294
6 13038879 c g 0.0462 0.0068 7.532e-12 6.794117647058823
6 13041170 a g -0.0417 0.0061 1.122e-11 -6.836065573770491
6 13043560 a g 0.038 0.0068 2.324e-08 5.588235294117648
6 13044393 t c -0.038 0.0068 2.356e-08 -5.588235294117648
6 13045138 t g 0.038 0.0068 2.275e-08 5.588235294117648
6 13045685 c g 0.0485 0.0164 0.003172 2.9573170731707314
6 13046229 a g 0.0441 0.0062 1.232e-12 7.112903225806452
6 13049347 c g 0.0375 0.0059 1.913e-10 6.3559322033898304
6 13054433 a g 0.0382 0.0067 1.472e-08 5.701492537313432
6 13059035 a c 0.0373 0.0067 2.27e-08 5.567164179104477
6 13064501 t c 0.037 0.0063 3.344e-09 5.873015873015873
6 13065071 a c -0.037 0.0067 3.564e-08 -5.522388059701492
6 13067462 t g -0.0337 0.0067 4.612e-07 -5.029850746268656
6 13067511 a g -0.0393 0.0067 4.657e-09 -5.865671641791045
6 13071265 t g -0.0392 0.0066 2.64e-09 -5.9393939393939394
6 13078644 t c -0.0386 0.006 9.526e-11 -6.433333333333334
6 13080570 t g -0.0388 0.0066 3.954e-09 -5.878787878787879
6 13102246 a t -0.0362 0.007 2.213e-07 -5.171428571428572
6 13110143 a g -0.0386 0.0071 4.687e-08 -5.436619718309859
6 13115626 c g -0.0371 0.0059 3.435e-10 -6.288135593220339
6 13119403 a g -0.0394 0.0058 1.189e-11 -6.793103448275862
6 13128771 a g 0.0236 0.0065 0.0003135 3.6307692307692307
6 13134211 t c -0.0241 0.0078 0.001872 -3.08974358974359
6 13137473 c g -0.0225 0.0067 0.0007653 -3.3582089552238803
6 13137859 t g -0.0244 0.006 4.887e-05 -4.066666666666666
6 13147535 a g -0.0252 0.006 2.688e-05 -4.2
6 13155259 a g 0.0192 0.0072 0.007665 2.6666666666666665
6 13158327 t c 0.0232 0.0077 0.002767 3.0129870129870127
6 13161706 a g 0.0412 0.015 0.005895 2.7466666666666666
6 13171279 a g -0.0238 0.0069 0.0005675 -3.449275362318841
6 13181124 t g -0.0225 0.0069 0.001158 -3.260869565217391
6 13181513 a g 0.0388 0.0149 0.009104 2.604026845637584
6 13188064 t c 0.0174 0.0052 0.0007454 3.3461538461538463
6 13188121 a g -0.0238 0.007 0.0006128 -3.4000000000000004
6 13190013 a g 0.0538 0.0187 0.004078 2.877005347593583
6 13191248 t c 0.0586 0.0191 0.002159 3.068062827225131
6 13215483 c g -0.0232 0.0089 0.009107 -2.6067415730337076
6 13223996 t c -0.0239 0.0053 6.149e-06 -4.5094339622641515
6 13225795 a t -0.0248 0.0053 3.276e-06 -4.679245283018868
6 13232976 a g -0.028 0.0058 1.246e-06 -4.8275862068965525
6 13258458 t c -0.0231 0.006 0.0001267 -3.8499999999999996
6 13262506 a g 0.0244 0.0079 0.001857 3.088607594936709
6 13262603 a t 0.0242 0.0053 4.491e-06 4.566037735849056
6 13263004 c g -0.0242 0.0059 3.626e-05 -4.101694915254237
6 13270379 t c 0.0211 0.0058 0.0002518 3.637931034482759
6 13278753 t c 0.0198 0.0063 0.001696 3.1428571428571432
6 13278788 t c -0.0188 0.007 0.007283 -2.685714285714286
6 13278928 a g -0.0162 0.0058 0.005237 -2.793103448275862
6 13279552 t c -0.0193 0.007 0.006014 -2.757142857142857
6 13280454 a g -0.0162 0.0058 0.005316 -2.793103448275862
6 13280489 t c 0.0165 0.0058 0.004601 2.844827586206897
6 13280666 t g 0.0216 0.0064 0.0007025 3.375
6 13281628 a c 0.0213 0.0059 0.0003488 3.610169491525424
6 13285713 a t -0.0171 0.0057 0.002618 -3.0
6 13288850 t c 0.0217 0.0064 0.0007 3.390625
6 13291010 a g 0.0206 0.0071 0.003699 2.901408450704225
6 13292076 a g -0.0157 0.0057 0.005853 -2.7543859649122804
6 13292514 a g 0.0209 0.0071 0.003249 2.9436619718309855
6 13294976 a g 0.0171 0.0064 0.007104 2.671875
6 13296206 a g -0.0172 0.0051 0.0008291 -3.3725490196078427
6 13297122 t c -0.0173 0.0057 0.002487 -3.0350877192982453
6 13297495 c g 0.016 0.0062 0.0097 2.5806451612903225
6 13299959 t c -0.0174 0.0057 0.002389 -3.052631578947368
6 13300454 a g -0.0171 0.0057 0.002817 -3.0
6 13301502 a g 0.016 0.0062 0.009663 2.5806451612903225
6 13308083 t c -0.0185 0.0058 0.001326 -3.189655172413793
6 13308833 a g 0.0163 0.0062 0.008578 2.629032258064516
6 13309789 t c 0.0161 0.0062 0.009677 2.596774193548387
6 13311851 t c 0.0154 0.0057 0.007355 2.7017543859649122
