Chr BP Allele1 Allele2 Effect StdErr Pvalue Zscore
12 89451529 a g -0.0285 0.0088 0.001201 -3.2386363636363638
12 89465465 a g 0.0295 0.0087 0.0007351 3.3908045977011496
12 89635927 c g -0.0346 0.0094 0.0002394 -3.680851063829787
12 89641145 a t -0.035 0.0094 0.0001881 -3.7234042553191493
12 89642384 a g 0.0348 0.0094 0.0002079 3.702127659574468
12 89660171 t c 0.0349 0.0094 0.0002141 3.7127659574468086
12 89662548 a g -0.033 0.0094 0.0004199 -3.5106382978723403
12 89760744 a g 0.0248 0.0056 1.012e-05 4.428571428571429
12 89776284 t c -0.0251 0.0056 7.847e-06 -4.482142857142858
12 89779937 a t 0.0289 0.0061 1.85e-06 4.737704918032787
12 89824040 t c -0.0181 0.0063 0.004177 -2.873015873015873
12 89824309 a g -0.0394 0.0129 0.002191 -3.0542635658914725
12 89825925 t c -0.0398 0.0067 2.93e-09 -5.940298507462686
12 89826293 t c 0.0177 0.0068 0.00934 2.6029411764705883
12 89831594 a g -0.017 0.0063 0.007376 -2.6984126984126986
12 89835728 a c 0.0421 0.0066 2.016e-10 6.378787878787879
12 89835859 c g -0.0418 0.0066 2.122e-10 -6.333333333333333
12 89835926 a g 0.0417 0.0066 2.263e-10 6.318181818181818
12 89840353 c g -0.0173 0.0061 0.004347 -2.8360655737704916
12 89840865 t c 0.0174 0.0059 0.003337 2.949152542372881
12 89843044 a t -0.0166 0.0056 0.003084 -2.9642857142857144
12 89846825 a t 0.0211 0.0059 0.0003449 3.576271186440678
12 89851033 t c -0.0168 0.0056 0.00269 -3.0
12 89851921 a g -0.0178 0.0063 0.004606 -2.8253968253968256
12 89852672 a g -0.0176 0.0063 0.005058 -2.793650793650794
12 89857138 a g 0.016 0.0059 0.00651 2.7118644067796613
12 89857924 t c 0.0174 0.0061 0.004202 2.8524590163934422
12 89858496 a c -0.0187 0.0063 0.002975 -2.9682539682539684
12 89858839 a g -0.0173 0.0061 0.004262 -2.8360655737704916
12 89861529 t c -0.042 0.0066 1.728e-10 -6.363636363636364
12 89863705 t c -0.0175 0.0063 0.005335 -2.777777777777778
12 89871613 a g 0.0418 0.0066 1.997e-10 6.333333333333333
12 89872932 t c 0.0421 0.0066 1.572e-10 6.378787878787879
12 89873366 t c -0.0178 0.0061 0.003311 -2.9180327868852456
12 89878146 c g 0.0211 0.0057 0.0002026 3.7017543859649122
12 89884294 a g 0.0419 0.0066 1.74e-10 6.348484848484849
12 89885471 t c -0.0163 0.0056 0.003597 -2.9107142857142856
12 89886325 c g 0.0165 0.0056 0.003173 2.9464285714285716
12 89893197 a c 0.0163 0.0056 0.003531 2.9107142857142856
12 89897003 t c -0.0173 0.0063 0.005985 -2.746031746031746
12 89897161 c g -0.0419 0.0066 1.832e-10 -6.348484848484849
12 89899627 c g 0.0215 0.0057 0.0001638 3.7719298245614032
12 89902219 t c 0.0166 0.0056 0.003015 2.9642857142857144
12 89905537 t c 0.0216 0.0057 0.0001501 3.7894736842105265
12 89906229 t c -0.0211 0.0057 0.0002138 -3.7017543859649122
12 89907474 t c 0.0171 0.0056 0.002282 3.053571428571429
12 89908480 t c 0.0177 0.0063 0.004781 2.8095238095238098
12 89908691 c g -0.0177 0.0063 0.004833 -2.8095238095238098
12 89908984 a g -0.0166 0.0056 0.002981 -2.9642857142857144
12 89915549 c g -0.0179 0.0063 0.004383 -2.841269841269841
12 89920184 t c 0.043 0.0066 6.824e-11 6.515151515151515
12 89922286 a g -0.0493 0.0146 0.0007154 -3.3767123287671232
12 89923811 c g 0.0426 0.0066 1.014e-10 6.454545454545454
12 89925200 t g -0.0423 0.0066 1.277e-10 -6.409090909090908
12 89926658 a g 0.0437 0.0066 3.728e-11 6.621212121212122
12 89927177 a g 0.0438 0.0066 3.85e-11 6.636363636363636
12 89927972 a g 0.044 0.0066 2.728e-11 6.666666666666666
12 89928199 c g 0.0146 0.0052 0.00504 2.807692307692308
12 89928905 a g -0.0443 0.0066 2.665e-11 -6.712121212121212
12 89930626 t c -0.0202 0.0056 0.0003298 -3.607142857142857
12 89934972 c g 0.0443 0.0066 2.157e-11 6.712121212121212
12 89938590 a g 0.0448 0.0066 1.501e-11 6.787878787878788
12 89940502 t c -0.0176 0.006 0.003541 -2.9333333333333336
12 89941374 a g 0.0181 0.0059 0.002302 3.067796610169492
12 89942390 a g -0.0521 0.0074 2.386e-12 -7.04054054054054
12 89978233 t c 0.026 0.0057 4.99e-06 4.56140350877193
12 89989599 a g -0.0231 0.0051 6.886e-06 -4.529411764705882
12 90008959 a g -0.046 0.0065 2.092e-12 -7.0769230769230775
12 90013089 t c -0.0558 0.0072 8.643e-15 -7.750000000000001
12 90019178 c g -0.0544 0.0074 1.607e-13 -7.351351351351351
12 90031395 t c -0.0215 0.0056 0.0001286 -3.839285714285714
12 90039884 a g -0.0201 0.0056 0.0003619 -3.5892857142857144
12 90042142 c g 0.0213 0.0057 0.0002151 3.7368421052631575
12 90051547 a g -0.0163 0.0052 0.00159 -3.1346153846153846
12 90061559 a g -0.0305 0.0087 0.0004555 -3.505747126436782
12 90069276 t g -0.0555 0.0072 1.36e-14 -7.708333333333334
12 90079654 t c -0.1166 0.0377 0.001991 -3.0928381962864724
12 90081188 t c 0.0207 0.0051 5.37e-05 4.0588235294117645
12 90088580 a t 0.0551 0.0072 2.812e-14 7.652777777777779
12 90090741 t c 0.0553 0.0073 2.427e-14 7.575342465753425
12 90109337 t c 0.0198 0.007 0.00486 2.8285714285714287
12 90126135 a g 0.0267 0.0082 0.001181 3.2560975609756095
12 90135466 a c -0.0284 0.0083 0.0006511 -3.421686746987952
12 90143162 t c 0.0174 0.0058 0.00266 3.0
12 90144393 t g 0.0282 0.0082 0.0006086 3.439024390243902
12 90475204 t g 0.0302 0.0111 0.006505 2.720720720720721
12 90526196 c g 0.0392 0.0143 0.006178 2.7412587412587412
