Chr BP Allele1 Allele2 Effect StdErr Pvalue Zscore
12 120892236 a c -0.034 0.0092 0.0002375 -3.695652173913044
12 120901266 t c -0.0333 0.0091 0.0002534 -3.6593406593406597
12 120901765 a g -0.1083 0.0282 0.0001257 -3.8404255319148937
12 120903157 a g 0.0367 0.0094 9.78e-05 3.904255319148936
12 120907271 t g -0.0349 0.0093 0.0001659 -3.752688172043011
12 120954033 t c -0.0295 0.0089 0.0009086 -3.3146067415730336
12 120957512 a g 0.0345 0.0093 0.0001992 3.7096774193548394
12 120963179 t c -0.0312 0.009 0.0005021 -3.466666666666667
12 120975150 t c -0.0308 0.009 0.0006262 -3.4222222222222225
12 120978489 a g 0.0338 0.0093 0.0002662 3.6344086021505375
12 120983239 t c -0.0312 0.0091 0.0005979 -3.4285714285714284
12 120996593 t c -0.0297 0.009 0.0009983 -3.3000000000000003
12 121014160 a g -0.0296 0.009 0.001023 -3.288888888888889
12 121029603 a c -0.0289 0.0097 0.002796 -2.9793814432989687
12 121088750 a g 0.0208 0.0062 0.0007937 3.3548387096774195
12 121092555 t c 0.0215 0.0063 0.0006939 3.4126984126984126
12 121094555 a g 0.0192 0.0057 0.0008298 3.3684210526315783
12 121122474 a g -0.035 0.0079 9.152e-06 -4.430379746835443
12 121122661 a c 0.0181 0.0064 0.004581 2.828125
12 121176549 t c 0.0325 0.0121 0.007298 2.6859504132231407
12 121200609 t c 0.0175 0.0056 0.001783 3.1250000000000004
12 121202362 t c -0.0166 0.0052 0.001546 -3.1923076923076925
12 121202664 a c -0.0161 0.005 0.001242 -3.2199999999999998
12 121209540 a g -0.0156 0.0058 0.006696 -2.689655172413793
12 121209957 t c 0.0159 0.0058 0.006346 2.741379310344828
12 121210220 c g 0.017 0.0056 0.002473 3.035714285714286
12 121213591 t c 0.0196 0.0061 0.001282 3.2131147540983602
12 121213592 a g -0.0237 0.0083 0.004112 -2.855421686746988
12 121214723 t g 0.0218 0.0056 9.314e-05 3.892857142857143
12 121221628 t c 0.016 0.0051 0.001575 3.1372549019607843
12 121222556 t c -0.0188 0.0056 0.0008103 -3.357142857142857
12 121222578 t c -0.0175 0.0051 0.0005481 -3.431372549019608
12 121228055 t g 0.0161 0.0058 0.005787 2.7758620689655173
12 121229893 t c -0.0208 0.0055 0.0001414 -3.7818181818181817
12 121230762 t c 0.0189 0.0061 0.00193 3.0983606557377046
12 121231790 a g 0.0188 0.0061 0.001979 3.081967213114754
12 121232400 t g -0.0383 0.0116 0.0009443 -3.3017241379310347
12 121232452 a g -0.0188 0.0061 0.001965 -3.081967213114754
12 121233235 a c 0.0155 0.0057 0.00676 2.719298245614035
12 121243790 a g 0.0174 0.0056 0.001896 3.1071428571428568
12 121248584 a g 0.015 0.0058 0.009579 2.586206896551724
12 121250932 t c -0.0183 0.0061 0.00264 -3.0
12 121253747 a g 0.0173 0.0056 0.001966 3.0892857142857144
12 121254257 t c 0.0185 0.0061 0.002395 3.0327868852459012
12 121256520 t c -0.0152 0.0051 0.002649 -2.9803921568627447
12 121257727 a c -0.0154 0.0058 0.007597 -2.6551724137931036
12 121261858 a g 0.0185 0.0061 0.002386 3.0327868852459012
12 121267126 t c 0.0161 0.0052 0.002154 3.0961538461538463
12 121268033 a c -0.0186 0.0056 0.0009736 -3.321428571428571
12 121270401 a g 0.0177 0.0056 0.001579 3.160714285714286
12 121278266 a g -0.0191 0.0051 0.0001574 -3.745098039215686
12 121281748 a g 0.0171 0.0056 0.002396 3.053571428571429
12 121288923 a g -0.0175 0.0056 0.001659 -3.1250000000000004
12 121297487 a g 0.0184 0.0056 0.0009823 3.2857142857142856
12 121298512 c g 0.0161 0.0051 0.001427 3.156862745098039
12 121300988 t c 0.0203 0.0057 0.0003769 3.5614035087719293
12 121301732 t c -0.0179 0.0056 0.001455 -3.196428571428571
12 121302104 a g 0.0189 0.0057 0.00101 3.3157894736842106
12 121318595 a g 0.0181 0.0056 0.001146 3.2321428571428577
12 121325031 a g -0.0185 0.0061 0.002478 -3.0327868852459012
12 121325321 t c -0.0181 0.0056 0.001152 -3.2321428571428577
12 121326772 a t -0.0181 0.0056 0.0012 -3.2321428571428577
12 121327742 t c -0.0178 0.0056 0.001387 -3.1785714285714284
12 121329967 t c -0.0181 0.0056 0.001267 -3.2321428571428577
12 121330365 a c -0.0176 0.0056 0.001616 -3.1428571428571432
12 121331028 t c -0.0182 0.0061 0.002864 -2.983606557377049
12 121340139 a t 0.0153 0.0058 0.008797 2.637931034482759
12 121340599 a g -0.018 0.0056 0.001278 -3.214285714285714
12 121344515 t c -0.0181 0.0056 0.0013 -3.2321428571428577
12 121345202 t c -0.0178 0.0061 0.003651 -2.9180327868852456
12 121347713 a g -0.0182 0.0061 0.002938 -2.983606557377049
12 121348649 t c -0.0188 0.0056 0.0008251 -3.357142857142857
12 121356168 t c -0.0229 0.0086 0.007696 -2.6627906976744184
12 121358644 a g -0.0298 0.0057 1.547e-07 -5.228070175438597
12 121358735 a c 0.0303 0.0059 2.981e-07 5.135593220338984
12 121361389 t c -0.0182 0.0061 0.003034 -2.983606557377049
12 121362280 a c -0.0178 0.0061 0.003811 -2.9180327868852456
12 121362408 a g -0.0206 0.0069 0.00259 -2.9855072463768115
12 121362540 a g -0.0181 0.0061 0.003203 -2.9672131147540983
12 121363498 a g 0.0207 0.0068 0.002438 3.044117647058824
12 121368468 t c -0.026 0.0086 0.002452 -3.0232558139534884
12 121368518 a t -0.0306 0.0058 1.485e-07 -5.275862068965518
12 121371233 t c -0.0216 0.0068 0.001415 -3.1764705882352944
12 121372763 a g -0.0201 0.0062 0.001116 -3.241935483870968
12 121374264 t c 0.0322 0.006 7.474e-08 5.366666666666666
12 121377494 c g -0.0225 0.0069 0.00103 -3.260869565217391
12 121377656 t g 0.0319 0.0058 4.152e-08 5.5
12 121380544 t c 0.0416 0.0061 7.885e-12 6.819672131147541
12 121381646 t g 0.027 0.0088 0.002207 3.068181818181818
12 121384495 t c 0.0426 0.006 8.454e-13 7.1
12 121386532 a g 0.0288 0.0052 3.359e-08 5.538461538461538
12 121389721 a g 0.04 0.0059 1.447e-11 6.779661016949153
12 121390078 a g 0.0427 0.0059 4.626e-13 7.237288135593221
12 121392040 a g -0.0405 0.0057 1.478e-12 -7.105263157894737
12 121392886 a g -0.0261 0.0063 3.044e-05 -4.142857142857143
12 121394018 a g -0.033 0.0095 0.0004906 -3.473684210526316
12 121396646 t c 0.0192 0.0059 0.001054 3.254237288135593
12 121399948 t c 0.0267 0.0064 3.223e-05 4.171875
12 121402640 a g -0.0263 0.0064 4.004e-05 -4.109375
12 121402691 t c -0.0322 0.0095 0.0006588 -3.389473684210526
12 121403724 a g -0.0381 0.0051 6.245e-14 -7.470588235294118
12 121404056 a t -0.0281 0.0092 0.00231 -3.0543478260869565
12 121404155 a c 0.0401 0.0057 1.749e-12 7.035087719298245
12 121404923 t c -0.0316 0.0095 0.0008324 -3.326315789473685
12 121406293 a g -0.0302 0.0056 7.714e-08 -5.392857142857143
12 121406533 t c -0.0315 0.0095 0.0008842 -3.3157894736842106
12 121409242 a g 0.0274 0.0092 0.003056 2.9782608695652177
12 121423376 a g -0.0414 0.0057 4.971e-13 -7.263157894736842
12 121423956 t c -0.041 0.0061 2.441e-11 -6.721311475409836
12 121426478 t c 0.0439 0.006 3.066e-13 7.316666666666666
12 121431300 t c 0.0395 0.0061 7.581e-11 6.475409836065573
12 121432302 t g -0.025 0.0051 9.713e-07 -4.901960784313726
12 121432603 t c 0.0373 0.0058 1.597e-10 6.431034482758621
12 121442214 a g -0.0216 0.0075 0.003725 -2.8800000000000003
12 121443116 a g -0.0389 0.0061 1.259e-10 -6.377049180327868
12 121443753 t g -0.039 0.0061 1.232e-10 -6.393442622950819
12 121444673 t g -0.0215 0.0061 0.0004457 -3.524590163934426
12 121446446 a t -0.0383 0.0061 2.674e-10 -6.278688524590164
12 121450165 t c 0.039 0.0061 1.184e-10 6.393442622950819
12 121452249 t c 0.0358 0.0058 5.608e-10 6.172413793103448
12 121457914 t g -0.0231 0.0057 4.384e-05 -4.052631578947368
12 121459536 t c 0.0233 0.0057 4.11e-05 4.087719298245614
12 121460686 a t -0.0235 0.0067 0.0004611 -3.507462686567164
12 121468675 a g 0.0226 0.0057 6.553e-05 3.964912280701754
12 121470256 a g 0.0295 0.0051 8.945e-09 5.784313725490195
12 121471337 a g 0.0394 0.0056 1.733e-12 7.035714285714286
12 121471931 t c -0.021 0.0068 0.001914 -3.0882352941176476
12 121477046 a g 0.0175 0.0068 0.009336 2.573529411764706
12 121485868 t c 0.0202 0.007 0.003816 2.8857142857142857
12 121486406 t c 0.0202 0.007 0.00397 2.8857142857142857
12 121487014 t c -0.0196 0.007 0.005141 -2.8
12 121487361 t c 0.0204 0.007 0.00343 2.9142857142857146
12 121487632 t c 0.0227 0.0051 8.891e-06 4.450980392156863
12 121529211 a g 0.0332 0.0108 0.002126 3.074074074074074
12 121529741 t c -0.0878 0.0301 0.003574 -2.9169435215946846
12 121531837 t c 0.0871 0.03 0.003758 2.9033333333333333
12 121545139 a g -0.0716 0.0246 0.003578 -2.9105691056910565
12 121602381 t c 0.0157 0.006 0.009336 2.6166666666666663
12 121603053 t c -0.0158 0.006 0.008981 -2.6333333333333337
12 121603118 t c -0.0164 0.0061 0.007519 -2.6885245901639343
12 121603122 a c 0.0166 0.0061 0.006917 2.721311475409836
12 121604126 a g -0.0162 0.0061 0.007691 -2.6557377049180326
12 121661516 a g -0.0259 0.0085 0.002313 -3.0470588235294116
12 121666646 a g 0.0257 0.0085 0.002501 3.023529411764706
12 121667427 t c -0.0257 0.0085 0.002519 -3.023529411764706
12 121667651 t c 0.0237 0.0085 0.005074 2.788235294117647
12 121669182 t c -0.0254 0.0086 0.003032 -2.953488372093023
12 121681687 t c 0.0184 0.0069 0.007183 2.6666666666666665
12 121682051 t c 0.019 0.0069 0.005655 2.753623188405797
12 121685188 a t -0.0178 0.0068 0.009339 -2.6176470588235294
12 121690548 t c 0.026 0.0065 6.868e-05 4.0
12 121729125 t c -0.0701 0.0266 0.008436 -2.6353383458646618
12 121818273 t c 0.0556 0.0183 0.002375 3.0382513661202184
12 121820068 t c -0.0551 0.0182 0.002494 -3.0274725274725274
12 121820319 t c -0.0201 0.007 0.004088 -2.8714285714285714
12 121835979 a g 0.0233 0.0059 7.635e-05 3.9491525423728815
12 121844292 a g -0.0232 0.0058 6.247e-05 -4.0
12 121847579 a g 0.0233 0.0058 5.851e-05 4.017241379310345
12 121849315 a t 0.0232 0.0058 6.127e-05 4.0
12 121865301 t c 0.0173 0.0056 0.00193 3.0892857142857144
12 121870539 t c -0.0233 0.0058 5.571e-05 -4.017241379310345
12 121871704 t c -0.0229 0.0058 6.899e-05 -3.9482758620689657
12 121873616 c g -0.023 0.0058 6.753e-05 -3.9655172413793105
12 121876558 t c 0.0205 0.0058 0.0003711 3.53448275862069
12 121876628 a g 0.0233 0.0058 5.421e-05 4.017241379310345
12 121880520 a g -0.0232 0.0058 5.747e-05 -4.0
12 121882471 c g -0.0229 0.0058 6.833e-05 -3.9482758620689657
12 121882723 a g -0.023 0.0058 6.557e-05 -3.9655172413793105
12 121883642 t c -0.0228 0.0058 8.95e-05 -3.931034482758621
12 121896531 t g 0.0237 0.0057 3.687e-05 4.157894736842105
12 121897098 t c -0.0243 0.0058 2.533e-05 -4.189655172413794
12 121902631 a g -0.0243 0.0058 2.466e-05 -4.189655172413794
12 121902725 t c 0.0147 0.0056 0.00876 2.625
12 121908509 a g 0.0244 0.0057 2.128e-05 4.280701754385965
12 121919295 a g 0.0203 0.0057 0.0004092 3.5614035087719293
12 121929055 a g -0.0334 0.0127 0.008259 -2.62992125984252
12 121931864 t c -0.0163 0.0058 0.00502 -2.810344827586207
12 121960480 a g -0.0208 0.006 0.0005915 -3.4666666666666663
12 121966676 t c 0.0208 0.006 0.0005689 3.4666666666666663
