Chr BP Allele1 Allele2 Effect StdErr Pvalue Zscore
10 90575362 a g 0.0619 0.0235 0.008355 2.634042553191489
10 90960860 a g 0.0681 0.0202 0.0007646 3.371287128712871
10 90982268 t c -0.3403 0.0987 0.0005657 -3.447821681864235
10 90987564 t g 0.0227 0.0058 8.209e-05 3.9137931034482762
10 90988250 c g 0.0313 0.0057 2.941e-08 5.491228070175438
10 90988530 a c 0.0209 0.0058 0.0002852 3.603448275862069
10 90990217 a c 0.0296 0.0057 2.072e-07 5.192982456140351
10 90990912 a g -0.0295 0.0056 1.583e-07 -5.267857142857142
10 90991287 a g -0.031 0.0057 4.076e-08 -5.43859649122807
10 90993755 a t 0.065 0.0144 6.823e-06 4.513888888888889
10 90996144 a g -0.0656 0.015 1.214e-05 -4.373333333333334
10 90997218 a t 0.0299 0.0058 2.878e-07 5.155172413793104
10 91002845 t c 0.0471 0.0057 1.232e-16 8.263157894736842
10 91004668 t c 0.0449 0.0057 3.57e-15 7.87719298245614
10 91005952 a g 0.0548 0.0061 4.379e-19 8.98360655737705
10 91008879 t c 0.0547 0.0059 1.8540000000000003e-20 9.271186440677965
10 91011458 t c 0.0552 0.006 4.0550000000000004e-20 9.2
10 91011681 t c 0.0566 0.0063 3.539e-19 8.984126984126984
10 91014061 a g -0.0451 0.0062 3.611e-13 -7.274193548387097
10 91060773 t g -0.1054 0.0329 0.001374 -3.2036474164133737
10 91219451 a g 0.0204 0.0073 0.005185 2.7945205479452055
10 91327719 a g 0.015 0.0057 0.008836 2.631578947368421
10 91328036 t c 0.0181 0.0059 0.002131 3.067796610169492
10 91332032 t g -0.0238 0.0077 0.002096 -3.090909090909091
10 91332531 t g 0.0235 0.0077 0.002324 3.051948051948052
10 91333825 t c -0.0229 0.0077 0.003014 -2.974025974025974
10 91334012 a g 0.0252 0.0078 0.00131 3.230769230769231
10 91339594 a t -0.0236 0.0077 0.002128 -3.0649350649350646
10 91344604 a t 0.0237 0.0077 0.001994 3.0779220779220777
10 91346718 a g 0.0238 0.0077 0.001936 3.090909090909091
