Chr BP Allele1 Allele2 Effect StdErr Pvalue Zscore
16 81443633 a g -0.0175 0.0067 0.009582 -2.611940298507463
16 81443753 t c 0.0191 0.0066 0.003926 2.8939393939393936
16 81445020 a g -0.0189 0.0066 0.004172 -2.8636363636363638
16 81445092 c g -0.019 0.0066 0.003989 -2.878787878787879
16 81449060 a g 0.0182 0.006 0.002331 3.033333333333333
16 81451645 a c 0.0177 0.006 0.002954 2.95
16 81452025 a g 0.0176 0.006 0.00308 2.9333333333333336
16 81453566 c g -0.0213 0.0072 0.003214 -2.9583333333333335
16 81453724 t c 0.0184 0.0059 0.001747 3.1186440677966103
16 81461322 a g -0.0162 0.006 0.006442 -2.6999999999999997
16 81463967 a g 0.023 0.0059 9.335e-05 3.8983050847457625
16 81470787 a c 0.0212 0.0059 0.0002996 3.593220338983051
16 81470951 a g -0.0214 0.0059 0.0002602 -3.6271186440677967
16 81485946 t c 0.0201 0.0061 0.001025 3.2950819672131146
16 81486276 a g -0.018 0.0057 0.001618 -3.157894736842105
16 81488755 t c -0.0261 0.0068 0.0001371 -3.8382352941176476
16 81489006 a t 0.0236 0.006 9.212e-05 3.933333333333333
16 81499297 a c -0.0211 0.0061 0.0006 -3.459016393442623
16 81500862 t g -0.0209 0.0061 0.0006551 -3.426229508196721
16 81501547 a g -0.0253 0.0063 5.545e-05 -4.015873015873016
16 81503540 t c -0.0238 0.0063 0.0001654 -3.777777777777778
16 81503877 t c -0.0251 0.0063 6.603e-05 -3.984126984126984
16 81510155 a g -0.0246 0.0062 6.743e-05 -3.967741935483871
16 81510836 c g 0.0196 0.0057 0.0006335 3.4385964912280698
16 81511987 a c -0.0234 0.0059 6.507e-05 -3.9661016949152543
16 81512636 t g 0.0245 0.0059 3.169e-05 4.152542372881356
16 81513620 a t 0.0211 0.0057 0.0002221 3.7017543859649122
16 81515440 a c -0.0245 0.0059 3.2e-05 -4.152542372881356
16 81515640 t c -0.0273 0.0058 2.06e-06 -4.706896551724139
16 81516383 a g 0.0188 0.0063 0.003033 2.984126984126984
16 81520932 a g 0.0207 0.0058 0.000344 3.5689655172413794
16 81524274 a c 0.0215 0.0064 0.0008162 3.3593749999999996
16 81542928 t c -0.0202 0.0067 0.002831 -3.014925373134328
16 81545903 t g 0.0179 0.0057 0.001798 3.140350877192982
16 81549103 a g 0.0191 0.0067 0.004463 2.850746268656716
16 81551482 a c 0.0197 0.0067 0.003284 2.9402985074626864
16 81558569 a t -0.0157 0.0059 0.007729 -2.6610169491525424
16 81565383 t c 0.0155 0.0058 0.00741 2.6724137931034484
16 81566147 a g 0.0155 0.0058 0.007272 2.6724137931034484
16 81566182 c g -0.0154 0.0058 0.007729 -2.6551724137931036
16 81571725 a c 0.0162 0.0057 0.004833 2.8421052631578947
16 81586901 t c 0.0177 0.0058 0.002301 3.0517241379310347
16 81590971 t c -0.0201 0.0058 0.0005607 -3.4655172413793105
16 81593274 t c -0.0276 0.0065 2e-05 -4.246153846153846
16 81593609 a g -0.0261 0.0089 0.003318 -2.9325842696629216
16 81599271 t g 0.021 0.0057 0.0002608 3.6842105263157894
16 81602212 a g -0.0215 0.0057 0.0001872 -3.7719298245614032
16 81603413 t c -0.0306 0.011 0.005541 -2.7818181818181817
16 81606569 c g -0.0184 0.0057 0.001214 -3.2280701754385963
16 81607756 a g -0.0176 0.0057 0.002152 -3.0877192982456143
16 81607833 t c -0.019 0.0057 0.0009658 -3.333333333333333
16 81610196 t c -0.0183 0.0057 0.001445 -3.2105263157894735
16 81637511 c g 0.0311 0.011 0.004761 2.827272727272727
16 81639802 t c 0.0205 0.0058 0.0004443 3.53448275862069
16 81643206 t c 0.0184 0.0059 0.001933 3.1186440677966103
16 81651578 t c 0.0216 0.0058 0.0002162 3.724137931034483
16 81653657 t c -0.0133 0.0051 0.009457 -2.6078431372549016
16 81660642 a g -0.0213 0.0058 0.000275 -3.6724137931034484
16 81661520 a g 0.0431 0.0164 0.008396 2.6280487804878048
16 81668198 t c -0.0228 0.0058 9.341e-05 -3.931034482758621
16 81669598 a c -0.0185 0.0057 0.00119 -3.245614035087719
16 81673350 a c 0.0191 0.0058 0.000873 3.293103448275862
16 81673539 t g -0.0159 0.0057 0.005368 -2.7894736842105265
16 81673679 a g 0.0154 0.0057 0.007186 2.7017543859649122
16 81676184 a g -0.0216 0.0058 0.0002082 -3.724137931034483
16 81678049 t g 0.0184 0.0058 0.001379 3.1724137931034484
16 81681908 t c -0.0273 0.0062 9.737e-06 -4.403225806451613
16 81734021 a c -0.0994 0.0273 0.0002695 -3.641025641025641
16 81775225 a g 0.0192 0.0067 0.00429 2.8656716417910446
16 81775252 t g 0.0203 0.0066 0.00208 3.0757575757575757
16 81779775 a g -0.0204 0.0075 0.006839 -2.72
16 81800515 a g 0.0488 0.018 0.006792 2.7111111111111117
16 81811478 t c 0.0161 0.0059 0.006177 2.7288135593220337
16 81812010 a g -0.0174 0.0058 0.002849 -3.0
16 81812275 t c -0.0172 0.0058 0.003218 -2.9655172413793105
16 81813060 a g 0.03 0.0095 0.001487 3.1578947368421053
16 81815691 t c 0.0214 0.0057 0.0001912 3.7543859649122804
16 81815779 a c 0.0211 0.0058 0.000248 3.637931034482759
16 81817492 a g 0.0314 0.0093 0.0007239 3.3763440860215055
16 81817606 a g -0.0149 0.0058 0.009654 -2.5689655172413794
16 81818440 c g 0.0198 0.0066 0.002545 3.0000000000000004
16 81824376 t c -0.0201 0.0061 0.001063 -3.2950819672131146
16 81845279 c g -0.0592 0.0149 6.903e-05 -3.9731543624161074
16 81868860 t c 0.0425 0.0108 8.207e-05 3.935185185185185
16 81869623 t c 0.0445 0.0108 3.836e-05 4.12037037037037
16 81870161 t c -0.0427 0.0108 7.954e-05 -3.9537037037037037
16 81872424 t c 0.0462 0.0107 1.586e-05 4.317757009345795
16 81875483 a g 0.0183 0.0067 0.006282 2.7313432835820897
16 81879213 t c -0.037 0.0099 0.0001978 -3.737373737373737
16 81881575 t c -0.0375 0.0099 0.0001595 -3.7878787878787876
16 81882838 a t -0.0391 0.01 8.874e-05 -3.91
16 81883454 c g 0.0757 0.0196 0.0001121 3.862244897959184
16 81885399 t g 0.0462 0.0104 8.994e-06 4.4423076923076925
16 81886635 t c 0.0478 0.0104 4.364e-06 4.596153846153847
16 81894745 t c -0.0227 0.0075 0.002575 -3.026666666666667
16 81895894 c g 0.025 0.0078 0.001343 3.2051282051282053
16 81898657 a g -0.0319 0.0083 0.0001333 -3.8433734939759034
16 81898715 t c -0.0304 0.008 0.0001432 -3.8
16 81901871 a g 0.0246 0.0065 0.0001609 3.784615384615385
16 81902482 a c -0.0262 0.0057 3.903e-06 -4.5964912280701755
16 81903800 t c 0.0335 0.0058 6.734e-09 5.775862068965518
16 81904777 a t 0.0336 0.0058 5.973e-09 5.793103448275862
16 81904782 t c -0.0336 0.0058 5.931e-09 -5.793103448275862
16 81905409 t c 0.0336 0.0058 5.859e-09 5.793103448275862
16 81905832 c g -0.0341 0.0058 4.143e-09 -5.879310344827586
16 81906626 a t -0.0316 0.0058 4.18e-08 -5.448275862068966
16 81907362 t c 0.0334 0.0058 7.321e-09 5.758620689655173
16 81908304 t c -0.0337 0.0058 5.519e-09 -5.810344827586207
16 81908371 c g 0.0287 0.0057 4.272e-07 5.035087719298246
16 81908672 a g -0.0297 0.0057 1.827e-07 -5.2105263157894735
16 81908972 a g 0.0302 0.0082 0.0002474 3.6829268292682924
16 81912323 t c 0.043 0.0119 0.0002948 3.61344537815126
16 81912440 a g 0.0257 0.0081 0.001611 3.17283950617284
16 81912461 t g -0.0163 0.0057 0.004303 -2.859649122807017
16 81912983 t c 0.0268 0.0074 0.0002855 3.6216216216216215
16 81915717 t c -0.0238 0.0078 0.00235 -3.0512820512820515
16 81917870 t g -0.0217 0.0059 0.0002241 -3.6779661016949152
16 81937457 a c 0.0285 0.0098 0.003598 2.9081632653061225
16 81937574 t c -0.0266 0.0101 0.008435 -2.633663366336634
16 81974262 a c 0.0342 0.0117 0.003529 2.923076923076923
16 82219738 a g -0.0333 0.0125 0.007874 -2.664
16 82223434 a g 0.0403 0.0152 0.008204 2.6513157894736845
