Chr BP Allele1 Allele2 Effect StdErr Pvalue Zscore
12 57570014 a c -0.0205 0.0061 0.0007884 -3.360655737704918
12 58063801 t c -0.0153 0.0059 0.009403 -2.5932203389830506
12 58087737 t g 0.0168 0.0059 0.004508 2.847457627118644
12 57613425 t c 0.0172 0.0061 0.004664 2.819672131147541
12 57525756 a g 0.0166 0.0058 0.003981 2.8620689655172415
12 57711329 a g -0.0444 0.0115 0.000115 -3.8608695652173917
12 57754491 a g -0.0394 0.012 0.001068 -3.283333333333333
12 58259687 a g -0.0329 0.0112 0.003279 -2.9375
12 57705631 a g -0.0236 0.0064 0.0002336 -3.6874999999999996
12 57771153 a c -0.0324 0.0064 3.442e-07 -5.062499999999999
12 57848708 c g 0.0214 0.0058 0.0002351 3.689655172413793
12 58086476 c g 0.0171 0.0059 0.003819 2.898305084745763
12 57746003 t c -0.064 0.0181 0.0004 -3.5359116022099446
12 57576417 t c -0.0204 0.0061 0.0008066 -3.3442622950819674
12 57727301 t c 0.0241 0.0064 0.000175 3.765625
12 57622371 t g 0.0356 0.0119 0.002726 2.9915966386554618
12 58083077 t c -0.0168 0.0059 0.004115 -2.847457627118644
12 57853153 c g -0.0226 0.006 0.0001767 -3.766666666666666
12 57613780 a g -0.0208 0.0068 0.002144 -3.058823529411765
12 57849768 c g -0.024 0.0058 3.769e-05 -4.137931034482759
12 58089413 a t 0.0169 0.0059 0.004224 2.864406779661017
12 57696677 a g -0.0354 0.0069 2.637e-07 -5.130434782608696
12 57586154 a c -0.0214 0.0063 0.0007371 -3.3968253968253967
12 57503775 t c 0.014 0.0053 0.007554 2.641509433962264
12 57835185 a g 0.026 0.0065 6.146e-05 4.0
12 57558505 c g -0.0206 0.0061 0.000779 -3.3770491803278686
12 57534912 a g 0.0212 0.0059 0.0003287 3.593220338983051
12 57694732 a t 0.0238 0.0064 0.0002057 3.71875
12 57707911 t c 0.0234 0.0064 0.0002576 3.65625
12 57580414 t c -0.0189 0.0061 0.001978 -3.0983606557377046
12 57766392 c g -0.0365 0.0069 1.005e-07 -5.289855072463768
12 57858414 a g 0.0162 0.0058 0.005298 2.793103448275862
12 57509569 t c 0.0151 0.0058 0.008968 2.6034482758620694
12 57869582 t c 0.0163 0.006 0.006631 2.7166666666666663
12 57509055 t c -0.0152 0.0057 0.007946 -2.6666666666666665
12 57532749 c g 0.0206 0.006 0.0005846 3.433333333333333
12 57815675 t c 0.0385 0.007 4.012e-08 5.5
12 57637593 a g 0.0194 0.0063 0.002182 3.0793650793650795
12 58018979 t c 0.0175 0.0059 0.003095 2.9661016949152548
12 58012111 a g 0.0188 0.0059 0.001399 3.186440677966102
12 57585144 t c 0.0185 0.0061 0.002236 3.0327868852459012
12 57620254 a g -0.0222 0.0065 0.0006053 -3.4153846153846157
12 57614484 t c 0.0208 0.006 0.0005773 3.4666666666666663
12 57531450 a g -0.0218 0.0059 0.0002241 -3.694915254237288
12 57791833 t c 0.0349 0.0069 3.643e-07 5.057971014492754
12 57567180 t g -0.0209 0.0061 0.0006208 -3.426229508196721
12 57869476 a g -0.0162 0.006 0.00694 -2.6999999999999997
12 57619362 a g -0.0221 0.006 0.0002497 -3.6833333333333336
12 57604802 a g -0.0212 0.006 0.0004163 -3.533333333333333
12 57676178 a g -0.024 0.0064 0.0001905 -3.75
12 57905286 a g 0.0226 0.0074 0.0022 3.054054054054054
12 57597918 t c -0.022 0.0067 0.001017 -3.2835820895522385
12 57594955 a g -0.023 0.0067 0.0006336 -3.432835820895522
12 57590797 t c -0.0195 0.0061 0.001292 -3.1967213114754096
12 57962135 a g -0.0643 0.0246 0.009031 -2.613821138211382
12 57975910 c g 0.0173 0.0063 0.006126 2.746031746031746
12 58081478 a g -0.0151 0.0059 0.009873 -2.5593220338983054
12 57589865 t c 0.0197 0.0061 0.001221 3.2295081967213113
