Chr BP Allele1 Allele2 Effect StdErr Pvalue Zscore
19 10350649 t c -0.0197 0.0076 0.009358 -2.5921052631578947
19 10375567 a g -0.0642 0.0235 0.006348 -2.731914893617021
19 10375810 a g -0.0224 0.0077 0.003742 -2.909090909090909
19 10379410 a g -0.074 0.0264 0.005101 -2.8030303030303028
19 10419468 t c 0.0221 0.0078 0.00462 2.8333333333333335
19 10422341 c g 0.0218 0.0079 0.005462 2.7594936708860756
19 10462513 t c -0.0165 0.0063 0.009268 -2.619047619047619
19 10573816 a g -0.0188 0.0073 0.009697 -2.5753424657534247
19 10576270 t c -0.02 0.0074 0.006707 -2.7027027027027026
19 10600818 t c 0.0195 0.0067 0.003488 2.9104477611940296
19 10617970 a g -0.0246 0.0075 0.001066 -3.2800000000000002
19 10619302 a g -0.0251 0.0075 0.0008218 -3.3466666666666667
19 10647927 a c 0.0367 0.008 4.356e-06 4.5875
19 10650548 t g 0.0362 0.008 5.623e-06 4.525
19 10652607 t c -0.0154 0.0057 0.006641 -2.7017543859649122
19 10658257 t c 0.0359 0.008 6.615e-06 4.4875
19 10661775 t c 0.0165 0.0056 0.003432 2.9464285714285716
19 10663165 t c -0.0361 0.008 6.132e-06 -4.5125
19 10665530 a c 0.0359 0.008 6.572e-06 4.4875
19 10669824 a g -0.0152 0.0057 0.007336 -2.6666666666666665
19 10670184 c g -0.0173 0.0057 0.002241 -3.0350877192982453
19 10675564 t c -0.0326 0.0079 3.484e-05 -4.126582278481012
19 10686123 a g -0.0249 0.0071 0.0004369 -3.5070422535211265
19 10687189 c g 0.03 0.0078 0.0001251 3.8461538461538463
19 10716256 a g -0.0324 0.0078 3.286e-05 -4.153846153846154
19 10720886 a t 0.0193 0.006 0.001292 3.216666666666667
19 10727436 a g -0.037 0.0068 5.541e-08 -5.4411764705882355
19 10728030 t g 0.0381 0.0062 7.578e-10 6.145161290322581
19 10730352 a g 0.0345 0.0064 7.528e-08 5.390625
19 10732814 t g -0.0577 0.017 0.0006957 -3.3941176470588235
19 10738944 t c 0.0409 0.0067 1.252e-09 6.104477611940298
19 10739073 a g 0.0407 0.0067 1.466e-09 6.074626865671641
19 10740871 c g 0.0406 0.0067 1.781e-09 6.059701492537313
19 10741202 a g 0.0407 0.0067 1.522e-09 6.074626865671641
19 10741907 a g -0.0409 0.0067 1.252e-09 -6.104477611940298
19 10742463 t g 0.0404 0.0067 1.932e-09 6.029850746268656
19 10749236 t c -0.0311 0.0058 9.365e-08 -5.362068965517242
19 10750738 t g -0.031 0.0058 1.041e-07 -5.344827586206897
19 10751080 a g 0.0767 0.0118 8.944e-11 6.500000000000001
19 10756432 a g 0.0298 0.0058 3.408e-07 5.137931034482759
19 10759442 a g 0.0301 0.0058 2.319e-07 5.189655172413794
19 10764203 t g 0.0299 0.0058 2.931e-07 5.155172413793104
19 10770292 a g -0.033 0.0061 4.798e-08 -5.409836065573771
19 10775010 a g 0.0333 0.006 3.194e-08 5.550000000000001
19 10780789 a g -0.0305 0.0058 1.914e-07 -5.258620689655173
19 10780802 a g 0.0335 0.006 2.745e-08 5.583333333333334
19 10796015 a g 0.0618 0.0171 0.0002987 3.6140350877192984
19 10798904 a g 0.0264 0.0058 5.94e-06 4.551724137931035
19 10817656 t c -0.0282 0.006 2.41e-06 -4.7
19 10830281 t g 0.0242 0.0057 2.15e-05 4.245614035087719
19 10835338 c g -0.0215 0.0057 0.0001645 -3.7719298245614032
19 10841472 t c -0.0315 0.0061 2.908e-07 -5.163934426229508
19 10850105 c g -0.0232 0.0058 6.021e-05 -4.0
19 10864956 t g 0.0235 0.0058 5.249e-05 4.051724137931035
19 10867219 a g 0.0296 0.006 8.964e-07 4.933333333333334
19 10867448 a g 0.022 0.0058 0.0001468 3.793103448275862
19 10867517 c g 0.0243 0.0058 3.023e-05 4.189655172413794
19 10870866 t c 0.0189 0.0057 0.0008621 3.3157894736842106
19 10872431 t g 0.0193 0.0056 0.0006032 3.4464285714285716
19 10881250 c g -0.0365 0.0061 1.862e-09 -5.9836065573770485
19 10892881 a g -0.0356 0.0061 4.783e-09 -5.836065573770491
19 10893074 a g -0.0358 0.0061 3.901e-09 -5.868852459016392
19 10904689 c g -0.0236 0.0059 6.43e-05 -4.0
19 10904700 t c 0.0191 0.0054 0.0004139 3.5370370370370368
19 10909953 t c -0.0427 0.0066 7.738e-11 -6.46969696969697
19 10914829 a g -0.0306 0.0064 1.579e-06 -4.78125
19 10915031 a g 0.025 0.0061 4.427e-05 4.098360655737705
19 10917799 a g -0.0266 0.01 0.007762 -2.6599999999999997
19 10933022 t c 0.0262 0.0062 2.063e-05 4.225806451612904
19 10939792 t c 0.0263 0.0062 2.046e-05 4.241935483870968
19 10946416 t c -0.0536 0.0075 8.878e-13 -7.146666666666667
19 10954950 a g 0.0176 0.006 0.003233 2.9333333333333336
19 10962372 t c 0.0266 0.0058 4.149e-06 4.586206896551724
19 10966778 t c -0.0439 0.0063 2.323e-12 -6.968253968253968
19 10967970 a g 0.0401 0.0061 6.878e-11 6.573770491803278
19 10993295 a g -0.0472 0.0064 1.611e-13 -7.374999999999999
19 10999137 c g -0.0474 0.0064 1.27e-13 -7.406249999999999
19 11001245 a g 0.0404 0.0061 4.353e-11 6.6229508196721305
19 11008737 t g 0.0469 0.0064 2.15e-13 7.328124999999999
19 11024986 t c -0.0438 0.0062 2.315e-12 -7.064516129032258
19 11025432 a g -0.046 0.0064 6.476e-13 -7.187499999999999
19 11044571 t c -0.0466 0.0064 4.364e-13 -7.28125
19 11045062 a g 0.0224 0.0057 8.487e-05 3.9298245614035086
19 11049578 a g 0.0446 0.0063 1.314e-12 7.079365079365079
19 11052985 a g -0.046 0.0064 6.311e-13 -7.187499999999999
19 11055299 a t -0.05 0.0065 1.608e-14 -7.692307692307693
19 11059389 a g 0.026 0.0059 1.117e-05 4.406779661016949
19 11060487 t c 0.0248 0.0081 0.002158 3.0617283950617287
19 11061315 a g -0.0479 0.0063 3.645e-14 -7.603174603174603
19 11063046 a g 0.0301 0.0082 0.0002567 3.6707317073170724
19 11065946 t c 0.022 0.0077 0.004043 2.8571428571428568
19 11069069 t c 0.0332 0.01 0.0008568 3.32
19 11071560 t g -0.0302 0.0058 1.577e-07 -5.206896551724139
19 11075706 a g 0.0236 0.0057 3.273e-05 4.140350877192982
19 11082133 t c -0.0398 0.0085 2.877e-06 -4.682352941176471
19 11084994 a g 0.0499 0.0065 1.416e-14 7.676923076923077
19 11085543 t c 0.0313 0.0058 6.551e-08 5.3965517241379315
19 11106600 t c -0.0321 0.0058 3.514e-08 -5.5344827586206895
19 11107133 t c 0.0344 0.0059 4.307e-09 5.830508474576272
19 11127069 t g -0.0393 0.0061 1e-10 -6.442622950819672
19 11134090 a g 0.0498 0.0065 1.351e-14 7.661538461538462
19 11134752 a g -0.0444 0.0127 0.0004876 -3.4960629921259847
19 11135654 t c 0.0299 0.0058 2.984e-07 5.155172413793104
19 11136315 t c -0.0303 0.0058 2.206e-07 -5.224137931034483
19 11138167 c g -0.0304 0.0058 1.928e-07 -5.241379310344828
19 11139636 t g -0.0301 0.0058 2.467e-07 -5.189655172413794
19 11140703 t c 0.017 0.0052 0.0009632 3.2692307692307696
19 11146499 t c 0.0291 0.0052 2.542e-08 5.596153846153847
19 11153820 a c -0.0248 0.0059 2.298e-05 -4.203389830508475
19 11154452 t c -0.0503 0.0066 3.197e-14 -7.621212121212121
19 11161537 a c -0.0451 0.006 3.607e-14 -7.516666666666667
19 11163847 t c -0.0359 0.0059 1.331e-09 -6.084745762711865
19 11163897 t c 0.0338 0.0057 3.067e-09 5.929824561403508
19 11164067 t g 0.0359 0.0057 2.437e-10 6.298245614035087
19 11164460 a g -0.0513 0.0066 5.073e-15 -7.7727272727272725
19 11164781 a g 0.0391 0.0061 1.934e-10 6.409836065573771
19 11166293 t c 0.037 0.0059 4.711e-10 6.271186440677966
19 11166476 t c 0.0396 0.0062 1.291e-10 6.387096774193549
19 11167219 t c -0.0451 0.0059 2.676e-14 -7.6440677966101696
19 11168029 t c 0.0394 0.0061 1.506e-10 6.459016393442623
19 11168798 a g -0.0394 0.0061 1.498e-10 -6.459016393442623
19 11168896 a g 0.0356 0.0059 1.714e-09 6.033898305084746
19 11171281 a c 0.039 0.0062 2.238e-10 6.290322580645162
19 11172299 a g -0.0408 0.0062 6.438e-11 -6.580645161290323
19 11173488 t c 0.0409 0.0063 6.722e-11 6.492063492063492
19 11174742 t c -0.0523 0.0066 2.326e-15 -7.924242424242424
19 11176455 t c -0.0391 0.0062 2.54e-10 -6.306451612903227
19 11180047 t c 0.036 0.0057 3.718e-10 6.31578947368421
19 11183577 a g -0.0552 0.0067 1.569e-16 -8.238805970149253
19 11183837 a g -0.0579 0.0068 1.141e-17 -8.514705882352942
19 11184250 a g 0.0403 0.006 2.264e-11 6.716666666666667
19 11184293 t c 0.038 0.006 2.609e-10 6.333333333333333
19 11185014 a g 0.0414 0.0062 2.849e-11 6.67741935483871
19 11188117 t c -0.1156 0.0092 2.4410000000000002e-36 -12.565217391304348
19 11188153 a c 0.1157 0.0092 1.931e-36 12.576086956521738
19 11188247 a g -0.1161 0.0092 1.9420000000000002e-36 -12.619565217391305
19 11189764 t c 0.1122 0.0091 5.965e-35 12.329670329670328
19 11190110 a g 0.1114 0.0091 1.809e-34 12.241758241758241
19 11190292 t c 0.1153 0.0092 6.29e-36 12.532608695652174
19 11190873 t c -0.1122 0.0091 4.462e-35 -12.329670329670328
19 11192193 a t 0.1059 0.0089 1.22e-32 11.89887640449438
19 11192550 a g -0.1053 0.0089 2.935e-32 -11.831460674157304
19 11192831 a g 0.1023 0.0088 2.4700000000000002e-31 11.625
19 11192915 a g 0.1017 0.0088 6.876000000000001e-31 11.556818181818182
19 11196886 t c 0.1033 0.0089 3.471e-31 11.606741573033709
19 11198187 t c -0.1042 0.0089 5.984e-32 -11.707865168539326
19 11198502 t c 0.1101 0.009 2.8610000000000003e-34 12.233333333333334
19 11200412 t c 0.037 0.0117 0.001598 3.1623931623931623
19 11206575 a g -0.0422 0.006 2.256e-12 -7.033333333333333
19 11210254 c g -0.0962 0.0092 1.103e-25 -10.456521739130434
19 11216561 a c -0.0228 0.0058 8.748e-05 -3.931034482758621
19 11216617 a g 0.0262 0.0058 5.256e-06 4.517241379310345
19 11221457 c g 0.0233 0.0058 5.493e-05 4.017241379310345
19 11225515 t g 0.0286 0.0057 6.314e-07 5.017543859649122
19 11227070 t c 0.0337 0.0057 3.904e-09 5.912280701754386
19 11228745 t c -0.0329 0.0058 1.132e-08 -5.672413793103448
19 11228965 a c 0.0267 0.0057 2.76e-06 4.684210526315789
19 11230214 t c -0.0266 0.0057 3.299e-06 -4.666666666666666
19 11230402 t g -0.0273 0.006 4.861e-06 -4.55
19 11233941 a g -0.0246 0.0066 0.000212 -3.7272727272727275
19 11237772 a g -0.022 0.0066 0.0007914 -3.333333333333333
19 11238239 c g -0.0247 0.0066 0.0001907 -3.742424242424242
19 11241060 a g -0.0223 0.0075 0.002967 -2.9733333333333336
19 11241915 a g -0.0259 0.0057 5.342e-06 -4.5438596491228065
19 11248104 a g -0.0423 0.0151 0.00494 -2.801324503311258
19 11248502 t c -0.022 0.0083 0.008163 -2.650602409638554
19 11249041 a g -0.0232 0.0058 6.236e-05 -4.0
19 11250139 a g -0.0276 0.0085 0.00109 -3.2470588235294113
19 11250396 t c -0.0292 0.0085 0.0005762 -3.4352941176470586
19 11256059 t c 0.019 0.0072 0.008556 2.638888888888889
19 11257009 t c 0.1088 0.0327 0.0008921 3.327217125382263
19 11259528 a g 0.0279 0.0077 0.000315 3.6233766233766236
19 11264792 t c 0.0206 0.0063 0.001075 3.2698412698412698
19 11265032 t c -0.0206 0.0063 0.00107 -3.2698412698412698
19 11265248 t c 0.022 0.0068 0.001224 3.235294117647059
19 11266584 a g 0.0299 0.0061 9.851e-07 4.9016393442622945
19 11267940 a t 0.022 0.0068 0.001234 3.235294117647059
19 11268556 a g -0.0163 0.0061 0.007563 -2.6721311475409832
19 11269677 a t -0.0355 0.0059 2.074e-09 -6.016949152542373
19 11269726 t g -0.0358 0.0059 1.062e-09 -6.067796610169491
19 11274364 a g -0.0879 0.0323 0.006517 -2.721362229102167
19 11274445 a g 0.0227 0.006 0.0001652 3.7833333333333337
19 11275258 a g -0.0239 0.006 7.601e-05 -3.9833333333333334
19 11277074 t c 0.0211 0.0059 0.0003511 3.576271186440678
19 11277232 a g -0.037 0.0059 3.093e-10 -6.271186440677966
19 11283516 a g -0.0981 0.0149 4.079e-11 -6.583892617449665
19 11284302 t c -0.0261 0.0058 7.438e-06 -4.500000000000001
19 11286416 a g 0.0511 0.0109 2.675e-06 4.6880733944954125
19 11291789 a g -0.0324 0.0091 0.0003924 -3.5604395604395602
19 11292811 t c -0.049 0.0108 6.215e-06 -4.537037037037037
19 11292820 a g -0.048 0.0107 7.836e-06 -4.4859813084112155
19 11293809 a g -0.0545 0.012 5.835e-06 -4.541666666666667
19 11294469 a g -0.049 0.0109 6.335e-06 -4.495412844036697
19 11294537 a c -0.0166 0.006 0.005789 -2.7666666666666666
19 11297027 a g 0.0479 0.0108 1.02e-05 4.435185185185185
19 11297633 a g -0.0172 0.0061 0.004693 -2.819672131147541
19 11298491 t c 0.0472 0.0108 1.356e-05 4.37037037037037
19 11300862 a g 0.0398 0.0104 0.0001225 3.826923076923077
19 11302606 a g -0.0183 0.0057 0.001256 -3.2105263157894735
19 11302744 a g 0.0388 0.0103 0.0001759 3.766990291262136
19 11302904 a g 0.0454 0.0168 0.006977 2.7023809523809526
19 11303943 a g -0.016 0.0057 0.005163 -2.807017543859649
19 11305161 a g -0.0386 0.0105 0.0002372 -3.676190476190476
19 11305245 t c -0.0503 0.0094 8.49e-08 -5.3510638297872335
19 11305886 c g -0.0396 0.0104 0.000135 -3.8076923076923084
19 11306078 t c 0.0153 0.0057 0.007694 2.6842105263157894
19 11311885 c g 0.0358 0.0139 0.009864 2.5755395683453237
19 11317770 a g 0.0186 0.0058 0.00131 3.206896551724138
19 11333359 a t -0.0241 0.0091 0.008139 -2.6483516483516483
19 11334179 t c 0.0274 0.0078 0.0004487 3.512820512820513
19 11336626 a g 0.0309 0.0111 0.005277 2.7837837837837838
19 11343795 a g -0.0249 0.0088 0.004739 -2.829545454545454
19 11347493 t c -0.0251 0.0086 0.003345 -2.918604651162791
19 11347828 c g 0.064 0.0174 0.0002313 3.6781609195402303
19 11355752 a g -0.0235 0.0059 7.311e-05 -3.983050847457627
19 11471074 t c -0.0495 0.0101 1.032e-06 -4.900990099009902
19 11473854 a g 0.0389 0.0113 0.0005501 3.4424778761061945
19 11476599 t c 0.0919 0.0231 6.803e-05 3.9783549783549783
19 11477540 t c 0.1036 0.0244 2.214e-05 4.245901639344262
19 11483769 t c 0.1083 0.0253 1.865e-05 4.280632411067193
19 11497487 c g 0.0404 0.0115 0.0004318 3.5130434782608693
19 11498214 a g -0.0506 0.0136 0.0001905 -3.7205882352941178
19 11502781 t c 0.0398 0.0116 0.0005649 3.431034482758621
19 11503685 a g -0.0475 0.0098 1.191e-06 -4.846938775510204
19 11506387 t g -0.0501 0.0104 1.442e-06 -4.8173076923076925
19 11507646 a t -0.0479 0.0098 1.009e-06 -4.887755102040816
19 11507662 t c -0.0467 0.0098 2.03e-06 -4.76530612244898
19 11507753 a g 0.046 0.0098 2.866e-06 4.6938775510204085
19 11507855 a g 0.0456 0.0099 3.919e-06 4.6060606060606055
19 11509009 a g 0.0835 0.0228 0.0002544 3.662280701754386
19 11509498 c g 0.0346 0.0105 0.001014 3.295238095238095
19 11509553 a g 0.0344 0.0105 0.001033 3.276190476190476
19 11510082 a c -0.0366 0.0116 0.00153 -3.1551724137931036
19 11510205 a g 0.0443 0.0098 5.792e-06 4.520408163265306
19 11511422 t c 0.0908 0.0237 0.0001309 3.8312236286919834
19 11512373 a g -0.046 0.0106 1.518e-05 -4.339622641509433
19 11512826 a g -0.0449 0.0098 4.417e-06 -4.581632653061225
19 11516978 c g -0.0536 0.0137 9.627e-05 -3.9124087591240877
19 11518552 a g 0.0528 0.0159 0.0008756 3.320754716981132
19 11526759 a g 0.0264 0.0067 8.063e-05 3.9402985074626864
19 11648426 t c 0.0302 0.0111 0.00634 2.720720720720721
