Chr BP Allele1 Allele2 Effect StdErr Pvalue Zscore
14 100041124 a c -0.0365 0.0138 0.008169 -2.644927536231884
14 100042879 t c -0.0368 0.0139 0.00809 -2.647482014388489
14 100043401 t c -0.0374 0.0138 0.006747 -2.710144927536232
14 100043750 a g 0.0404 0.0144 0.004883 2.8055555555555554
14 100043944 a g -0.0376 0.0139 0.006714 -2.7050359712230216
14 100046311 c g -0.0629 0.0204 0.002058 -3.083333333333333
14 100046373 a t -0.0365 0.0138 0.008231 -2.644927536231884
14 100047717 a g -0.0376 0.0138 0.006488 -2.7246376811594204
14 100048071 t c 0.0371 0.0138 0.007293 2.6884057971014492
14 100050006 a g -0.0405 0.014 0.003787 -2.892857142857143
14 100051009 a g -0.0376 0.0139 0.006782 -2.7050359712230216
14 100051939 a g 0.0403 0.0124 0.001169 3.2500000000000004
14 100052246 c g -0.0401 0.0125 0.001355 -3.2079999999999997
14 100073091 a g 0.027 0.0098 0.00581 2.7551020408163267
14 100075456 t c 0.0186 0.0069 0.00722 2.6956521739130435
14 100075680 t c -0.0212 0.0069 0.002225 -3.072463768115942
14 100075684 t c 0.0184 0.0069 0.00778 2.6666666666666665
14 100095407 c g 0.041 0.0099 3.497e-05 4.141414141414141
14 100097207 c g -0.0675 0.0244 0.005611 -2.7663934426229506
14 100101455 c g 0.0231 0.0074 0.001776 3.1216216216216215
14 100108117 t c -0.0224 0.006 0.000187 -3.7333333333333334
14 100108778 t g -0.0485 0.0137 0.0003993 -3.54014598540146
14 100109629 a g -0.0225 0.0062 0.0003098 -3.629032258064516
14 100111565 a g -0.0595 0.0077 1.135e-14 -7.727272727272727
14 100111955 t c 0.0377 0.0059 1.249e-10 6.389830508474576
14 100112282 t g 0.0591 0.0168 0.0004275 3.5178571428571432
14 100115799 t c -0.0598 0.0077 5.697e-15 -7.766233766233766
14 100116252 a g 0.0393 0.0058 1.692e-11 6.775862068965518
14 100116842 a g -0.0393 0.0058 1.698e-11 -6.775862068965518
14 100133942 t c -0.0407 0.0052 5.438e-15 -7.8269230769230775
14 100138404 a t -0.0675 0.0208 0.001156 -3.245192307692308
14 100142650 a g -0.0505 0.0127 6.741e-05 -3.976377952755906
14 100155415 a g -0.0186 0.0061 0.002129 -3.049180327868852
14 100162617 a c 0.0278 0.0106 0.008363 2.622641509433962
14 100168298 t g 0.0379 0.006 2.787e-10 6.316666666666667
14 100171452 a t 0.0283 0.0105 0.007275 2.695238095238095
14 100177506 c g -0.0215 0.0057 0.0001563 -3.7719298245614032
14 100182829 a t -0.0284 0.0105 0.007019 -2.704761904761905
14 100184589 a g -0.036 0.0067 6.461e-08 -5.3731343283582085
14 100184783 a g -0.0352 0.0067 1.298e-07 -5.253731343283582
14 100186495 t c 0.0422 0.012 0.0004331 3.5166666666666666
14 100191060 t c -0.0378 0.0084 6.061e-06 -4.5
14 100218738 a g 0.0471 0.0151 0.001844 3.119205298013245
14 100299473 a g 0.0175 0.0064 0.006609 2.734375
14 100300787 t c -0.0165 0.0061 0.006697 -2.7049180327868854
14 100302506 a g 0.0164 0.0061 0.007074 2.6885245901639343
14 100303052 a g -0.0165 0.0061 0.006662 -2.7049180327868854
14 100303123 t g -0.0164 0.0061 0.007141 -2.6885245901639343
14 100305066 a g -0.0209 0.0062 0.0008006 -3.3709677419354835
14 100308919 a g 0.017 0.0061 0.005222 2.7868852459016393
14 100316262 a g -0.0216 0.0063 0.0005743 -3.428571428571429
14 100317472 a g -0.0212 0.0063 0.0007655 -3.365079365079365
14 100322005 t c -0.0209 0.0063 0.0008381 -3.317460317460317
14 100323211 t g -0.0252 0.0076 0.0009576 -3.3157894736842106
14 100329306 a g -0.0217 0.0061 0.0003655 -3.5573770491803276
14 100331655 a g -0.0218 0.0061 0.0003802 -3.5737704918032787
14 100333862 a g -0.0216 0.0061 0.000376 -3.540983606557377
14 100336341 t c 0.0222 0.0061 0.0002608 3.639344262295082
14 100340583 t c -0.0219 0.0061 0.0003097 -3.5901639344262293
14 100345413 a c 0.0207 0.0057 0.0003201 3.631578947368421
14 100348669 a g 0.0214 0.0057 0.0001833 3.7543859649122804
14 100350633 t c -0.0209 0.0057 0.0002636 -3.666666666666666
14 100355288 t c 0.0405 0.0072 1.492e-08 5.625
14 100355597 a g 0.0405 0.0071 1.405e-08 5.704225352112676
14 100358866 a g 0.0406 0.0071 1.353e-08 5.718309859154929
14 100366108 t c -0.0228 0.0061 0.0002018 -3.7377049180327866
14 100368682 t g 0.0228 0.0061 0.000197 3.7377049180327866
14 100371158 t c 0.0221 0.0061 0.0002897 3.6229508196721314
14 100371686 a g 0.0229 0.0061 0.00019 3.7540983606557377
14 100374475 a g 0.0389 0.0071 3.68e-08 5.478873239436619
14 100376715 a g -0.0242 0.0085 0.004621 -2.8470588235294114
14 100381843 t c -0.0224 0.0062 0.0002849 -3.6129032258064515
14 100382400 t c -0.0223 0.0062 0.000309 -3.5967741935483875
14 100383192 t c 0.0332 0.0067 6.867e-07 4.955223880597015
14 100383963 c g -0.0341 0.0067 3.997e-07 -5.08955223880597
14 100384232 a c -0.0247 0.0059 2.847e-05 -4.186440677966102
14 100387679 t c 0.0208 0.0058 0.0003489 3.586206896551724
14 100392945 t c 0.0199 0.0059 0.0007354 3.3728813559322037
14 100410206 a g 0.018 0.0062 0.003879 2.903225806451613
14 100691364 t c -0.0368 0.0136 0.006791 -2.7058823529411766
14 100707420 a g -0.0365 0.0136 0.007258 -2.6838235294117645
14 100715225 t c 0.0361 0.0136 0.007837 2.6544117647058827
14 100732881 a c -0.0356 0.0136 0.008832 -2.6176470588235294
14 100797200 a t -0.0199 0.0065 0.00209 -3.0615384615384618
14 100804315 t c -0.0195 0.0065 0.002619 -3.0
14 100812406 a g -0.0195 0.0064 0.002397 -3.046875
14 100818759 c g -0.0192 0.0064 0.002702 -2.9999999999999996
14 100820980 a g 0.0192 0.0064 0.002698 2.9999999999999996
14 100821206 t g 0.0193 0.0064 0.002536 3.015625
14 100824049 t c 0.0191 0.0064 0.002874 2.9843749999999996
14 100830818 a c -0.0172 0.0061 0.005141 -2.819672131147541
14 100831774 a g 0.0195 0.0064 0.002344 3.046875
14 100835978 t c -0.0195 0.0064 0.002291 -3.046875
14 100836353 t c 0.0193 0.0064 0.002664 3.015625
14 100839128 c g 0.0192 0.0064 0.002946 2.9999999999999996
