Chr BP Allele1 Allele2 Effect StdErr Pvalue Zscore
11 75274150 t g 0.0356 0.0056 1.487e-10 6.357142857142857
11 75185939 t c 0.0333 0.0082 4.619e-05 4.060975609756097
11 75086670 a c 0.0169 0.0057 0.002907 2.964912280701754
11 75258730 a g 0.0269 0.0062 1.555e-05 4.338709677419355
11 75204622 a g 0.0224 0.0059 0.0001561 3.7966101694915255
11 75208351 t c 0.0248 0.0063 8.738e-05 3.9365079365079363
11 75501474 t g 0.0603 0.0192 0.001661 3.1406250000000004
11 75088857 t c 0.0165 0.0057 0.003627 2.8947368421052633
11 75144068 t c -0.029 0.0062 3.092e-06 -4.67741935483871
11 75200301 a g -0.0243 0.0064 0.0001448 -3.7968749999999996
11 75059358 t c -0.0478 0.0136 0.0004261 -3.5147058823529416
11 75251974 a g -0.0261 0.0058 6.612e-06 -4.500000000000001
11 75087139 a g 0.0165 0.0058 0.004563 2.844827586206897
11 75073056 a g 0.0163 0.0057 0.004657 2.859649122807017
11 75075437 a g 0.0164 0.0058 0.004703 2.827586206896552
11 75191629 t c -0.0231 0.0059 9.839e-05 -3.9152542372881354
11 75130248 t c 0.0266 0.0058 5.183e-06 4.586206896551724
11 75247543 t c -0.0401 0.0104 0.0001132 -3.855769230769231
11 75249185 a g 0.022 0.0062 0.0004007 3.5483870967741935
11 75241681 t c -0.0176 0.0058 0.002387 -3.03448275862069
11 75084969 a g -0.0363 0.0114 0.001454 -3.1842105263157894
11 75301034 a g -0.0656 0.0152 1.491e-05 -4.315789473684211
11 75488054 a c 0.0272 0.0098 0.00558 2.7755102040816326
11 75193987 a c 0.0571 0.0216 0.008075 2.643518518518518
11 75281609 c g -0.041 0.0078 1.618e-07 -5.256410256410257
11 75144186 a g -0.0289 0.0062 3.553e-06 -4.661290322580645
11 75084914 c g 0.0267 0.0076 0.0004433 3.5131578947368425
11 75157597 t c 0.0304 0.0062 1.03e-06 4.903225806451613
11 75482294 t c -0.0894 0.0326 0.006014 -2.7423312883435584
11 75249274 t g 0.0236 0.0061 0.0001156 3.8688524590163933
11 75226671 a t -0.0244 0.008 0.002239 -3.0500000000000003
11 75204953 t c -0.023 0.0059 0.00011 -3.8983050847457625
11 75209398 t g -0.0255 0.0064 6.374e-05 -3.9843749999999996
11 75152243 t c -0.0265 0.0063 2.835e-05 -4.2063492063492065
11 75200824 a g -0.0246 0.0064 0.0001196 -3.84375
11 75484850 a g -0.0257 0.0097 0.007897 -2.649484536082474
11 75532485 c g -0.025 0.0097 0.009743 -2.577319587628866
11 75090846 t c 0.0349 0.0112 0.001875 3.116071428571429
11 75070796 a c 0.0302 0.0111 0.00628 2.720720720720721
11 75167704 t c 0.0261 0.0064 4.581e-05 4.078125
11 75203932 a g 0.0225 0.0059 0.0001496 3.8135593220338984
11 75141630 t c 0.0259 0.0058 8.627e-06 4.4655172413793105
11 75063517 a g 0.0308 0.011 0.005179 2.8000000000000003
11 75126730 a g 0.0213 0.0057 0.0001938 3.7368421052631575
11 75160575 a g -0.0292 0.0059 6.985e-07 -4.9491525423728815
11 75474006 t c 0.0427 0.0142 0.002589 3.0070422535211265
11 75157184 a g 0.0291 0.0059 7.728e-07 4.932203389830509
11 75100430 c g 0.0242 0.0061 6.988e-05 3.967213114754098
11 75202936 a g -0.0228 0.0059 0.0001224 -3.8644067796610173
11 75078430 a g -0.0353 0.0112 0.001585 -3.151785714285714
11 75116487 c g 0.0332 0.008 3.111e-05 4.15
11 75536454 t g 0.025 0.0097 0.00977 2.577319587628866
11 75274630 t c -0.0297 0.0061 1.042e-06 -4.868852459016393
11 75262493 a g 0.0244 0.0061 6.329e-05 4.0
11 75084252 a t 0.0356 0.0112 0.001457 3.1785714285714284
11 75637567 t c 0.0334 0.0096 0.0005037 3.479166666666667
11 75146384 a g -0.0216 0.0061 0.0004338 -3.540983606557377
11 75359175 t c 0.0431 0.0106 4.776e-05 4.066037735849057
11 75152075 t g -0.027 0.0063 2.014e-05 -4.285714285714286
11 75445338 a g -0.0204 0.0073 0.005126 -2.7945205479452055
11 75223565 a g -0.017 0.0058 0.003382 -2.931034482758621
11 75090859 a g 0.0159 0.0058 0.006358 2.741379310344828
11 75544883 t c -0.0253 0.0097 0.009094 -2.6082474226804124
11 75546549 t c 0.0251 0.0097 0.009409 2.5876288659793816
11 75141950 t c -0.0256 0.0058 1.084e-05 -4.413793103448277
11 75275808 t c 0.0312 0.0061 3.329e-07 5.114754098360655
11 75072002 t c 0.0158 0.0058 0.00639 2.724137931034483
11 75255710 a c 0.0198 0.0062 0.001458 3.1935483870967745
11 75158003 a g -0.0288 0.0059 9.578e-07 -4.88135593220339
11 75110952 a g -0.0264 0.0058 5.117e-06 -4.551724137931035
11 75142867 a t -0.0286 0.0062 4.073e-06 -4.612903225806452
11 75251301 t c 0.0225 0.0075 0.002601 3.0
11 75248457 a g 0.0219 0.0062 0.0004251 3.532258064516129
11 75078864 t g -0.0365 0.0112 0.001055 -3.258928571428571
11 75171083 t c -0.024 0.0059 5.34e-05 -4.067796610169491
11 75200564 t c 0.0243 0.0064 0.0001455 3.7968749999999996
11 75069559 a t 0.0154 0.0059 0.009161 2.610169491525424
11 75569267 a g 0.0355 0.009 7.451e-05 3.944444444444444
11 75505827 t c -0.0265 0.0096 0.006002 -2.760416666666667
11 75316199 a g -0.0425 0.0115 0.0002254 -3.695652173913044
