Chr BP Allele1 Allele2 Effect StdErr Pvalue Zscore
11 103536471 t g 0.0359 0.0069 2.18e-07 5.202898550724638
11 103281867 t c 0.0004 0.0061 0.9535 0.06557377049180328
11 103408485 t g 0.0194 0.0086 0.02461 2.255813953488372
11 103986733 t g 0.0187 0.01 0.06242 1.87
11 103715397 a c 0.0592 0.0206 0.003963 2.8737864077669903
11 103281978 t g -0.0064 0.0056 0.2572 -1.142857142857143
11 103251239 t g -0.0092 0.008 0.2488 -1.15
11 103580767 a g -0.0345 0.0122 0.004511 -2.8278688524590163
11 103642983 t c 0.0052 0.0124 0.6758 0.41935483870967744
11 103399200 t c -0.0073 0.007 0.2937 -1.042857142857143
11 103397533 t c 0.0012 0.0065 0.8511 0.1846153846153846
11 103783485 t c -0.0092 0.0056 0.104 -1.6428571428571428
11 104031450 t c 0.0167 0.0071 0.01914 2.352112676056338
11 103704317 a g -0.0526 0.0074 1.407e-12 -7.108108108108108
11 103362765 a c 0.0231 0.0096 0.01601 2.40625
11 103271643 a g -0.0038 0.0108 0.7266 -0.35185185185185186
11 103421935 a g -0.0045 0.0076 0.5566 -0.5921052631578947
11 103484361 t c -0.0099 0.0083 0.234 -1.1927710843373496
11 103298171 t c -0.0054 0.0058 0.3471 -0.9310344827586208
11 103507830 a g 0.1026 0.0265 0.0001096 3.871698113207547
11 103746544 t c -0.0406 0.0324 0.2108 -1.2530864197530864
11 103291756 a g 0.0055 0.0058 0.3433 0.9482758620689655
11 103788918 a g -0.0213 0.011 0.05302 -1.9363636363636365
11 103243401 a g 0.0079 0.0161 0.6234 0.49068322981366463
