Chr BP Allele1 Allele2 Effect StdErr Pvalue Zscore
12 54086274 a g 0.0299 0.0104 0.004239 2.875
12 54108777 a g 0.0237 0.0084 0.004712 2.8214285714285716
12 54111424 t c 0.0256 0.0083 0.002068 3.0843373493975905
12 54353799 c g -0.016 0.006 0.007514 -2.6666666666666665
12 54355501 t c 0.0166 0.006 0.005474 2.7666666666666666
12 54365535 a g -0.0166 0.006 0.005569 -2.7666666666666666
12 54401609 a g 0.0541 0.0182 0.003045 2.9725274725274726
12 54471765 t c -0.0323 0.0113 0.004109 -2.858407079646018
12 54476237 a c -0.0228 0.0061 0.0001708 -3.7377049180327866
12 54477797 a g -0.024 0.006 6.3e-05 -4.0
12 54479067 c g -0.0193 0.0062 0.001735 -3.112903225806452
12 54479099 t c -0.0214 0.0061 0.000449 -3.508196721311475
12 54483685 a g 0.0181 0.0061 0.003153 2.9672131147540983
12 54489010 t c -0.0228 0.0062 0.000238 -3.67741935483871
12 54496166 t g 0.0244 0.006 4.8e-05 4.066666666666666
12 54510876 t g -0.0183 0.0058 0.001719 -3.1551724137931036
12 54525951 a g 0.0768 0.0121 2.622e-10 6.347107438016528
12 54527843 a g 0.0765 0.0121 2.904e-10 6.322314049586777
12 54530689 a g -0.0271 0.0075 0.000302 -3.6133333333333333
12 54539535 c g -0.0513 0.017 0.002628 -3.017647058823529
12 54546815 a c 0.029 0.007 3.682e-05 4.142857142857143
12 54550411 a g 0.037 0.0083 9.195e-06 4.457831325301204
12 54550687 t g 0.0371 0.0083 8.496e-06 4.46987951807229
12 54550734 t c 0.0299 0.0071 2.657e-05 4.211267605633802
12 54554324 t c -0.0292 0.0071 4.211e-05 -4.112676056338028
12 54554700 a g 0.0376 0.0093 5.04e-05 4.043010752688173
12 54560219 a g 0.0359 0.0092 9.898e-05 3.9021739130434785
12 54560889 t g 0.025 0.0075 0.0008704 3.3333333333333335
12 54564101 a g -0.0304 0.0101 0.002701 -3.00990099009901
12 54564328 t g 0.0306 0.0101 0.00259 3.0297029702970297
12 54564955 t c -0.113 0.0324 0.0004803 -3.4876543209876547
12 54584933 c g 0.0443 0.0161 0.005964 2.751552795031056
12 54588700 t c -0.0611 0.0227 0.007131 -2.6916299559471364
12 54592018 a g -0.087 0.0284 0.002207 -3.0633802816901405
12 54604948 t c 0.1058 0.0323 0.001047 3.2755417956656347
12 54610394 a c -0.0169 0.006 0.004907 -2.8166666666666664
12 54612871 a g -0.0163 0.006 0.006418 -2.7166666666666663
12 54613331 a t -0.0157 0.006 0.00927 -2.6166666666666663
12 54626752 t c 0.0153 0.0057 0.007455 2.6842105263157894
12 54677264 t g -0.0887 0.0301 0.003172 -2.946843853820598
12 54683639 a t -0.0153 0.0058 0.008135 -2.637931034482759
12 54685613 a g 0.0904 0.0322 0.004942 2.8074534161490683
12 54706415 t c 0.0191 0.0072 0.008282 2.6527777777777777
12 54945847 t c -0.0239 0.0085 0.005111 -2.8117647058823527
12 54948020 t c 0.0262 0.0087 0.002657 3.0114942528735638
12 54948783 t c -0.021 0.0079 0.007822 -2.6582278481012658
12 54949054 t g 0.0245 0.0085 0.00414 2.8823529411764706
