Chr BP Allele1 Allele2 Effect StdErr Pvalue Zscore
16 82521214 a g 0.0794 0.0237 0.0008071 3.350210970464135
16 82523360 t c -0.0275 0.009 0.0023 -3.055555555555556
16 82523597 a g 0.0275 0.009 0.002359 3.055555555555556
16 82524278 t g -0.0275 0.009 0.002232 -3.055555555555556
16 82625818 a c 0.0596 0.0223 0.007467 2.672645739910314
16 82629133 a c 0.0566 0.0193 0.003388 2.932642487046632
16 82634070 a t -0.0653 0.0225 0.003684 -2.902222222222222
16 82634811 t c 0.0573 0.0218 0.008686 2.6284403669724767
16 82637272 c g 0.0606 0.0235 0.009989 2.578723404255319
16 82655144 t c 0.065 0.0235 0.005727 2.765957446808511
16 82711504 t c 0.0151 0.0058 0.009799 2.6034482758620694
16 82725902 t c -0.0224 0.0084 0.007708 -2.666666666666667
16 82736426 c g -0.0173 0.006 0.0041 -2.8833333333333333
16 82743626 a c 0.0304 0.0111 0.006034 2.7387387387387387
16 82760502 t g 0.0212 0.0059 0.0003422 3.593220338983051
16 82777803 t c 0.0163 0.0062 0.008715 2.629032258064516
16 82778870 t c 0.0163 0.0062 0.008908 2.629032258064516
16 82823465 t c 0.024 0.0068 0.000438 3.5294117647058827
16 82828582 t c -0.0234 0.0062 0.0001464 -3.774193548387097
16 82829401 t g -0.0197 0.006 0.0009248 -3.283333333333333
16 82830057 t c 0.0155 0.0057 0.0066 2.719298245614035
16 82835886 t g -0.0215 0.0058 0.0002053 -3.706896551724138
16 82838770 t g -0.0252 0.0066 0.0001269 -3.8181818181818183
16 82845550 a t -0.0219 0.0081 0.006439 -2.7037037037037037
16 82845763 c g 0.0197 0.0067 0.003514 2.9402985074626864
16 82847373 c g -0.0237 0.0089 0.007635 -2.662921348314607
16 82864780 a g -0.0177 0.0065 0.006299 -2.723076923076923
16 82867456 a c 0.0224 0.0063 0.0004106 3.5555555555555554
16 82869302 t c -0.0245 0.0061 6.195e-05 -4.016393442622951
16 82871162 t c 0.0205 0.0073 0.005229 2.808219178082192
16 82872814 t c 0.0269 0.0062 1.327e-05 4.338709677419355
16 82873208 c g 0.0271 0.0062 1.193e-05 4.370967741935484
16 82875062 a g -0.0225 0.0063 0.0003661 -3.571428571428571
16 82877219 a c -0.0221 0.0061 0.0003021 -3.6229508196721314
16 82878155 a g 0.0286 0.006 1.74e-06 4.766666666666667
16 82879020 c g 0.0272 0.0061 9.879e-06 4.459016393442623
16 82879258 a t 0.028 0.006 3.125e-06 4.666666666666667
16 82879912 a g -0.0211 0.006 0.0004731 -3.5166666666666666
16 82880355 t c -0.0193 0.0073 0.008375 -2.6438356164383565
16 82881108 a g -0.0214 0.006 0.0003893 -3.5666666666666664
16 82883338 t c -0.0222 0.006 0.0002353 -3.7
16 82888050 a c -0.0475 0.017 0.005233 -2.7941176470588234
16 82888935 c g 0.0449 0.0166 0.006907 2.704819277108434
16 82889292 t c -0.0196 0.0062 0.001622 -3.161290322580645
16 82889559 a c 0.0252 0.0076 0.0008775 3.3157894736842106
16 82889752 t c -0.0415 0.0158 0.008484 -2.6265822784810124
16 82889791 t c -0.0201 0.0063 0.001299 -3.1904761904761902
16 82889936 t c 0.0187 0.0062 0.002559 3.016129032258065
16 82890117 a t -0.0194 0.0062 0.001851 -3.1290322580645165
16 82894016 a g -0.0536 0.0181 0.003085 -2.9613259668508287
16 82896196 a g 0.0189 0.0063 0.002806 3.0
16 82896894 a g 0.0519 0.0171 0.002364 3.0350877192982457
16 82897918 t c -0.0537 0.0175 0.0021 -3.068571428571428
16 82901369 a t 0.024 0.0062 0.0001081 3.870967741935484
16 82901701 a c 0.0243 0.0062 8.042e-05 3.9193548387096775
16 82904379 t c 0.0245 0.0061 6.798e-05 4.016393442622951
16 82908807 t c -0.0668 0.019 0.00043 -3.5157894736842104
16 82909807 a g 0.0506 0.0171 0.003027 2.95906432748538
16 82909999 t c -0.0477 0.0171 0.005319 -2.789473684210526
16 82916260 a g 0.0237 0.0062 0.0001227 3.8225806451612905
16 82916682 t c -0.0182 0.0063 0.003979 -2.888888888888889
16 82918651 t g -0.0186 0.0063 0.003246 -2.952380952380952
16 82922450 t c -0.0176 0.0063 0.00513 -2.793650793650794
16 82926244 a g 0.0265 0.0065 4.962e-05 4.076923076923077
16 82929611 t g -0.0212 0.0067 0.00156 -3.1641791044776117
16 82938304 t c -0.0218 0.0068 0.001398 -3.2058823529411766
16 82939333 a g 0.0196 0.0057 0.0005965 3.4385964912280698
16 82964646 t c 0.0667 0.0213 0.001792 3.1314553990610325
16 82966013 c g 0.0273 0.0059 3.243e-06 4.627118644067797
16 82984868 t c -0.0508 0.0181 0.004915 -2.806629834254143
16 82996871 c g 0.0353 0.0134 0.008404 2.634328358208955
16 82997740 c g -0.0264 0.0058 5.213e-06 -4.551724137931035
16 82999041 a g 0.0391 0.0081 1.589e-06 4.8271604938271615
16 82999163 t g 0.0279 0.0058 1.319e-06 4.810344827586207
16 83001348 t g 0.0285 0.0057 5.151e-07 5.0
16 83001970 t c -0.024 0.0058 2.982e-05 -4.137931034482759
16 83008101 t c -0.0415 0.0081 2.541e-07 -5.123456790123457
16 83010169 a t -0.023 0.0063 0.0002839 -3.6507936507936507
16 83011229 a g -0.0579 0.0144 5.536e-05 -4.020833333333333
16 83011442 a c -0.0585 0.0147 7.017e-05 -3.979591836734694
16 83011792 a g 0.0418 0.0081 2.166e-07 5.160493827160494
16 83014734 t c 0.0282 0.0063 7.533e-06 4.476190476190476
16 83016942 t c 0.0597 0.0209 0.004226 2.856459330143541
16 83017777 a g 0.0473 0.007 1.219e-11 6.757142857142857
16 83019747 a g 0.047 0.0072 6.316e-11 6.527777777777778
16 83020354 c g 0.0404 0.008 5.077e-07 5.05
16 83021228 t c -0.0405 0.008 4.591e-07 -5.0625
16 83022121 c g -0.0268 0.0066 5.178e-05 -4.0606060606060606
16 83022801 t c 0.0426 0.008 9.266e-08 5.325
16 83026204 a g 0.0281 0.0057 9.845e-07 4.9298245614035086
16 83030292 a g -0.0676 0.0228 0.002987 -2.964912280701754
16 83032433 a t -0.0542 0.014 0.0001079 -3.871428571428571
16 83033360 t c -0.0558 0.0139 6.164e-05 -4.014388489208634
16 83036187 t g -0.0586 0.0143 4.399e-05 -4.0979020979020975
16 83037888 t c -0.0499 0.0181 0.005964 -2.756906077348066
16 83038742 t c -0.0584 0.0144 4.846e-05 -4.055555555555555
16 83038982 t c 0.0244 0.0057 1.8e-05 4.280701754385965
16 83039219 a t 0.026 0.0057 4.926e-06 4.56140350877193
16 83040631 t c -0.0603 0.0143 2.595e-05 -4.216783216783217
16 83040716 a g -0.0164 0.0058 0.004751 -2.827586206896552
16 83040846 a c -0.0231 0.0062 0.0001696 -3.725806451612903
16 83041157 a g -0.0615 0.0143 1.813e-05 -4.300699300699301
16 83044388 a g -0.0268 0.0057 2.881e-06 -4.701754385964913
16 83044938 c g -0.0272 0.0057 2.002e-06 -4.771929824561403
16 83045640 c g 0.0608 0.0144 2.432e-05 4.222222222222222
16 83046662 t c -0.0609 0.0144 2.373e-05 -4.229166666666667
16 83047305 a c 0.0611 0.0144 2.259e-05 4.243055555555555
16 83048200 a g -0.0613 0.0144 2.133e-05 -4.256944444444445
16 83052568 c g 0.0607 0.0144 2.478e-05 4.215277777777778
16 83052913 t c 0.025 0.0057 1.361e-05 4.385964912280702
16 83054249 c g 0.043 0.0151 0.004545 2.8476821192052975
16 83054747 a g 0.0425 0.0073 6.568e-09 5.821917808219179
16 83055700 c g -0.0437 0.0074 2.986e-09 -5.905405405405405
16 83058508 a g 0.0431 0.0074 5.289e-09 5.824324324324324
16 83058511 a g 0.0443 0.0152 0.003561 2.914473684210526
16 83060336 a g -0.0627 0.0143 1.223e-05 -4.384615384615385
16 83060948 t g -0.0457 0.0104 1.182e-05 -4.394230769230769
16 83062429 a c -0.0336 0.0098 0.0005967 -3.4285714285714284
16 83064102 a g -0.0614 0.0145 2.369e-05 -4.23448275862069
16 83065403 t c -0.0221 0.0064 0.0005128 -3.453125
16 83067983 c g 0.0234 0.0063 0.0001818 3.7142857142857144
16 83068184 c g 0.0512 0.0133 0.0001191 3.849624060150376
16 83070254 t c 0.0225 0.0073 0.001973 3.0821917808219177
16 83071146 t g 0.0241 0.0073 0.0009521 3.3013698630136985
16 83072462 a c -0.0206 0.0063 0.001146 -3.2698412698412698
16 83075455 t c -0.0413 0.0149 0.005465 -2.771812080536913
16 83233599 t c -0.0499 0.0182 0.006042 -2.741758241758242
16 83486896 t c 0.0967 0.0316 0.002228 3.0601265822784804
