Chr BP Allele1 Allele2 Effect StdErr Pvalue Zscore
15 89536806 a c 0.0483 0.014 0.0005566 3.45
15 89540765 c g 0.0481 0.0138 0.0004925 3.4855072463768115
15 89541560 a g -0.0485 0.0138 0.0004425 -3.5144927536231885
15 89541887 t c -0.0468 0.0137 0.0006462 -3.4160583941605838
15 89542000 a g 0.0471 0.0137 0.0005989 3.437956204379562
15 89542499 a g 0.0468 0.0137 0.0006421 3.4160583941605838
15 89543239 a g -0.0469 0.0137 0.0006244 -3.4233576642335763
15 89543744 t c 0.0459 0.0137 0.0008146 3.3503649635036497
15 89544561 a g -0.046 0.0137 0.0007913 -3.3576642335766422
15 89544790 a c -0.0462 0.0137 0.0007677 -3.3722627737226274
15 89544848 t c 0.0462 0.0137 0.0007697 3.3722627737226274
15 89546824 a t -0.0448 0.0136 0.0009687 -3.294117647058824
15 89547595 a g -0.0491 0.0142 0.0005261 -3.457746478873239
15 89548169 a g -0.0448 0.014 0.001352 -3.1999999999999997
15 89548591 t c -0.0426 0.0135 0.001654 -3.1555555555555554
15 89565486 t c -0.0605 0.0097 3.77e-10 -6.237113402061856
15 89565871 a t -0.0606 0.0097 3.641e-10 -6.247422680412371
15 89570090 a c 0.0615 0.0097 2.337e-10 6.34020618556701
15 89570398 c g -0.0611 0.0097 2.92e-10 -6.298969072164948
15 89570748 t c 0.061 0.0097 3.031e-10 6.288659793814433
15 89573249 t c 0.0835 0.0173 1.287e-06 4.826589595375723
15 89574322 t g 0.0634 0.0151 2.812e-05 4.198675496688741
15 89576096 a t -0.0554 0.0126 1.039e-05 -4.396825396825396
15 89578723 t c 0.0624 0.0098 1.568e-10 6.36734693877551
15 89578882 a g 0.0624 0.0098 1.642e-10 6.36734693877551
15 89638091 t c 0.0158 0.0058 0.005859 2.724137931034483
15 89639711 a g -0.0152 0.0057 0.007668 -2.6666666666666665
15 89644938 a g 0.0155 0.0057 0.006619 2.719298245614035
15 89645230 a g -0.016 0.0057 0.004873 -2.807017543859649
15 89654976 t c -0.0169 0.0057 0.002872 -2.964912280701754
15 89659467 c g -0.0149 0.0057 0.008831 -2.6140350877192984
15 89661039 t c 0.0162 0.0057 0.0046 2.8421052631578947
15 89687946 a t -0.0526 0.0194 0.00673 -2.711340206185567
15 89866646 a g -0.0867 0.0306 0.004586 -2.8333333333333335
15 90060558 t c 0.0141 0.0052 0.006366 2.7115384615384617
