Chr BP Allele1 Allele2 Effect StdErr Pvalue Zscore
13 29037790 a g 0.0447 0.011 4.919e-05 4.0636363636363635
13 29063812 a g -0.0229 0.0058 8.726e-05 -3.9482758620689657
13 29037232 a g -0.0443 0.0114 9.734e-05 -3.8859649122807016
13 29062138 a g -0.0182 0.0057 0.001312 -3.192982456140351
13 28968468 a g 0.0341 0.0061 2.352e-08 5.590163934426229
13 29040140 a t 0.0419 0.011 0.0001495 3.809090909090909
13 29036026 t c -0.0471 0.011 1.934e-05 -4.281818181818182
13 29042648 c g 0.0441 0.011 6.075e-05 4.00909090909091
13 28953478 a c 0.028 0.0103 0.006592 2.7184466019417477
13 29030652 t c -0.045 0.0114 8.028e-05 -3.9473684210526314
13 28958955 a c -0.0305 0.0058 1.759e-07 -5.258620689655173
13 29058068 a c 0.0198 0.0057 0.0005308 3.473684210526316
13 29071951 t c 0.0185 0.0069 0.006907 2.681159420289855
13 29041776 t c 0.0434 0.011 7.655e-05 3.9454545454545458
13 29059653 t c -0.0246 0.0059 3.041e-05 -4.169491525423729
13 29126720 a t -0.0196 0.0076 0.009759 -2.5789473684210527
13 28976389 t c 0.0332 0.0061 6.375e-08 5.442622950819672
13 29033770 a t 0.0445 0.0114 9.817e-05 3.903508771929824
13 29029750 t g -0.045 0.0114 8.02e-05 -3.9473684210526314
13 29009099 a c 0.0226 0.0067 0.0006972 3.3731343283582085
13 29036948 t c -0.0478 0.011 1.465e-05 -4.345454545454546
13 29072833 a g 0.0182 0.0069 0.008244 2.63768115942029
13 28953104 t c 0.0275 0.006 4.054e-06 4.583333333333333
13 29009213 a g -0.0227 0.0067 0.0006426 -3.3880597014925375
13 29023199 t c -0.0212 0.0067 0.001495 -3.1641791044776117
13 29236985 a g -0.0158 0.0058 0.006391 -2.724137931034483
13 28952405 t c -0.0282 0.0104 0.00661 -2.7115384615384617
13 29028360 a t 0.0452 0.0115 8.185e-05 3.9304347826086956
13 29033446 t c 0.0454 0.0114 7.224e-05 3.982456140350877
13 29060502 t c 0.0231 0.0058 7.837e-05 3.9827586206896552
13 29009059 t c 0.0226 0.0066 0.0006829 3.424242424242424
13 29113508 a t 0.0206 0.0069 0.002711 2.9855072463768115
13 29060090 t c 0.0241 0.0059 4.033e-05 4.084745762711864
13 28996418 a t 0.0265 0.0064 3.195e-05 4.140625
13 29079552 a g -0.0164 0.0058 0.004567 -2.827586206896552
13 29061777 a c 0.0242 0.0059 3.698e-05 4.101694915254237
13 28978374 t c -0.026 0.0097 0.007477 -2.6804123711340204
13 28934364 t c 0.0293 0.0067 1.052e-05 4.3731343283582085
13 28921281 a g 0.0215 0.0073 0.003282 2.9452054794520546
13 28953250 c g 0.0283 0.0103 0.006059 2.7475728155339803
13 28603904 t c 0.0348 0.012 0.003686 2.9
13 29111638 a g 0.0175 0.0063 0.005175 2.777777777777778
13 29042047 a c 0.0439 0.011 6.255e-05 3.990909090909091
13 29058519 t g 0.02 0.0057 0.0004719 3.508771929824561
13 29024953 a t -0.0428 0.0115 0.0001998 -3.7217391304347824
