Chr BP Allele1 Allele2 Effect StdErr Pvalue Zscore
12 121185997 a g -0.0018 0.0152 0.9034 -0.11842105263157894
12 121153432 c g 0.011 0.012 0.359 0.9166666666666666
12 121309129 t c -0.0179 0.0056 0.001486 -3.196428571428571
12 121182053 t c 0.025 0.0215 0.2448 1.1627906976744187
12 121687474 a g 0.01 0.012 0.4059 0.8333333333333334
12 121520157 a t 0.0118 0.0109 0.2756 1.0825688073394495
12 121582240 a g 0.0003 0.0062 0.9624 0.04838709677419355
12 121228055 t g 0.0161 0.0058 0.005787 2.7758620689655173
12 121385479 t c -0.0098 0.0168 0.5602 -0.5833333333333334
12 121791904 a g 0.0202 0.0179 0.2583 1.1284916201117319
12 121838560 a c -0.0105 0.0087 0.2271 -1.2068965517241381
12 121370985 a g 0.012 0.0062 0.05358 1.935483870967742
12 121568945 c g -0.0243 0.0131 0.06342 -1.8549618320610686
12 121256834 t c 0.0098 0.0096 0.3065 1.0208333333333335
12 121789927 a c -0.0007 0.0063 0.9076 -0.1111111111111111
12 121124991 a g -0.0067 0.013 0.6033 -0.5153846153846154
12 121309364 t c -0.0187 0.0062 0.002417 -3.016129032258065
12 121420807 a g 0.043 0.0054 1.662e-15 7.962962962962962
12 121188825 t c 0.0056 0.012 0.6403 0.4666666666666667
12 121155622 t c 0.0109 0.0065 0.09311 1.676923076923077
12 121186246 a g 0.0129 0.0122 0.2903 1.0573770491803278
12 121392886 a g -0.0261 0.0063 3.044e-05 -4.142857142857143
12 121865474 c g -0.0105 0.0086 0.2259 -1.2209302325581397
12 121656614 t g 0.0247 0.0212 0.245 1.1650943396226414
12 121757962 t g 0.005 0.0087 0.5654 0.574712643678161
12 121606350 t g -0.0006 0.0057 0.9158 -0.10526315789473682
