Chr BP Allele1 Allele2 Effect StdErr Pvalue Zscore
17 17776389 t c -0.0311 0.0059 1.26e-07 -5.271186440677966
17 17882020 t g -0.0266 0.0065 4.205e-05 -4.092307692307692
17 17760789 t c 0.031 0.0059 1.354e-07 5.254237288135593
17 17752809 t c 0.0252 0.0055 4.502e-06 4.581818181818182
17 18019011 a g 0.0319 0.006 1.236e-07 5.316666666666666
17 17387841 t c -0.0162 0.0063 0.009902 -2.571428571428571
17 17949802 a g -0.0309 0.0059 2.088e-07 -5.237288135593221
17 17872589 t c -0.0291 0.0059 7e-07 -4.932203389830509
17 18171948 t c 0.0665 0.0239 0.005321 2.782426778242678
17 17486519 c g 0.0154 0.0058 0.007832 2.6551724137931036
17 17764502 a g 0.031 0.0059 1.382e-07 5.254237288135593
17 17535535 a c 0.0245 0.006 4.841e-05 4.083333333333333
17 18139793 a c 0.0176 0.0067 0.008405 2.626865671641791
17 17661802 a g 0.024 0.0061 8.43e-05 3.9344262295081966
17 18252911 t c -0.0203 0.0065 0.001863 -3.123076923076923
17 17397818 c g -0.0206 0.0064 0.00133 -3.21875
17 17504856 a g -0.0171 0.006 0.004546 -2.85
17 17849450 t c 0.029 0.0058 6.693e-07 5.000000000000001
17 17955344 t c 0.0307 0.0061 4.263e-07 5.032786885245901
17 18026566 t c 0.0308 0.0061 4.087e-07 5.049180327868853
17 17520784 t c 0.0154 0.0058 0.008302 2.6551724137931036
17 18236339 a g 0.0182 0.0066 0.005877 2.757575757575758
17 17875836 a t -0.0298 0.006 6.775e-07 -4.966666666666667
17 18012730 t c 0.0299 0.0059 3.557e-07 5.067796610169491
17 18018806 t c -0.0302 0.0061 7.54e-07 -4.950819672131147
17 17826528 a t 0.0292 0.0058 5.359e-07 5.03448275862069
17 17871068 t c 0.0286 0.0059 1.463e-06 4.8474576271186445
17 17695165 c g -0.0227 0.0076 0.002868 -2.986842105263158
17 17538008 a c -0.0222 0.0057 9.97e-05 -3.8947368421052633
17 17858771 a g -0.0287 0.0059 1.198e-06 -4.864406779661017
17 17960011 t c 0.0307 0.0078 8.284e-05 3.935897435897436
17 18006539 t c 0.0322 0.006 9.025e-08 5.366666666666666
17 17932008 a g -0.0283 0.0088 0.001306 -3.2159090909090904
17 17888549 t c -0.0316 0.0061 1.99e-07 -5.180327868852459
17 17543846 t c 0.0252 0.0058 1.179e-05 4.344827586206897
17 18024013 a g -0.0311 0.006 2.537e-07 -5.183333333333333
17 17987285 c g -0.0307 0.0059 1.71e-07 -5.203389830508475
17 17379267 a c 0.0205 0.0064 0.001386 3.203125
17 17687776 t c -0.0221 0.006 0.0002299 -3.6833333333333336
17 17650978 t c -0.0266 0.0061 1.219e-05 -4.360655737704917
17 17611124 t c 0.0219 0.0059 0.0002069 3.711864406779661
17 17649831 t c -0.0299 0.0089 0.0008017 -3.359550561797753
17 17603317 t c 0.0251 0.0057 1.224e-05 4.4035087719298245
17 18199067 c g -0.0171 0.0066 0.009113 -2.590909090909091
17 17460674 a g -0.0215 0.0052 3.608e-05 -4.134615384615384
17 17631794 a g -0.0217 0.008 0.006563 -2.7125
17 17579861 c g -0.0252 0.0058 1.48e-05 -4.344827586206897
17 17829423 t c 0.0296 0.0059 4.757e-07 5.016949152542373
17 17947710 t c -0.0301 0.0059 3.046e-07 -5.101694915254237
17 17611411 t g 0.0196 0.0058 0.0006646 3.3793103448275863
17 17502453 t c 0.0168 0.006 0.005292 2.8
17 17878159 t g -0.0329 0.0054 1.358e-09 -6.092592592592592
17 18217079 t c -0.0861 0.0301 0.004257 -2.86046511627907
17 18133495 a g -0.0183 0.0066 0.005462 -2.772727272727273
17 17525476 t c 0.0157 0.0058 0.006615 2.706896551724138
17 18151424 c g -0.0184 0.0066 0.005166 -2.787878787878788
17 17803416 a g -0.0292 0.0058 6.064e-07 -5.03448275862069
17 17741669 t c 0.0303 0.006 3.642e-07 5.05
17 17981938 c g -0.0298 0.0061 8.557e-07 -4.885245901639344
17 17961389 t c 0.0287 0.0062 3.462e-06 4.629032258064516
17 17997209 a g -0.0302 0.0059 2.663e-07 -5.118644067796611
17 17630762 c g 0.0185 0.0058 0.001337 3.189655172413793
17 17811251 t c 0.0296 0.0059 4.792e-07 5.016949152542373
17 17962351 a t -0.0352 0.0121 0.003755 -2.909090909090909
17 17730201 t c 0.0311 0.0059 1.462e-07 5.271186440677966
17 17869111 t c -0.0292 0.0058 5.884e-07 -5.03448275862069
17 17534513 c g 0.029 0.0055 1.157e-07 5.272727272727273
17 17632919 c g 0.0179 0.0057 0.001683 3.140350877192982
17 17988299 t c -0.0312 0.0059 1.061e-07 -5.288135593220339
17 17834691 a g -0.0295 0.0058 4.118e-07 -5.086206896551724
17 17534729 a c 0.0216 0.0057 0.0001479 3.7894736842105265
17 17492002 a g 0.0165 0.0058 0.004375 2.844827586206897
17 17891781 a g -0.032 0.0061 1.299e-07 -5.245901639344262
17 18248021 t c -0.0185 0.0065 0.004212 -2.8461538461538463
17 17509063 a t -0.0169 0.006 0.005018 -2.8166666666666664
17 17619467 a g 0.0193 0.0058 0.0007936 3.327586206896552
17 17777245 a g 0.0314 0.0059 1.209e-07 5.322033898305085
17 17865257 t c 0.0294 0.0058 4.789e-07 5.06896551724138
17 17653906 a g -0.0214 0.0065 0.001061 -3.292307692307692
17 17568946 t g 0.0235 0.0057 4.123e-05 4.12280701754386
17 17949789 t g 0.0312 0.0061 2.513e-07 5.114754098360655
17 17802779 t c -0.0292 0.0058 5.532e-07 -5.03448275862069
17 17593453 t c 0.0273 0.0057 2.039e-06 4.7894736842105265
17 17848286 c g 0.029 0.0059 8.848e-07 4.915254237288136
17 17612023 t c -0.0229 0.0052 1.293e-05 -4.403846153846154
17 17569012 a g -0.0244 0.0057 2.14e-05 -4.280701754385965
17 17871884 t c 0.0288 0.0059 9.16e-07 4.88135593220339
17 17632478 a g -0.0216 0.0059 0.0002544 -3.661016949152543
17 17708129 t c 0.029 0.006 1.298e-06 4.833333333333333
17 17966945 t c -0.0312 0.0061 2.681e-07 -5.114754098360655
17 17548845 c g -0.0251 0.0061 3.332e-05 -4.114754098360655
17 17708846 c g -0.0288 0.006 1.342e-06 -4.8
17 18027143 a g -0.031 0.0061 3.605e-07 -5.081967213114754
17 17930253 a g 0.0318 0.0061 1.5e-07 5.213114754098361
17 17852330 a g -0.0294 0.0059 5.895e-07 -4.983050847457627
17 17732319 t c -0.0319 0.0059 7.942e-08 -5.406779661016949
17 17503729 t c -0.0302 0.01 0.002674 -3.02
17 18131236 t c -0.0186 0.0066 0.005089 -2.818181818181818
17 18006421 c g -0.0304 0.0059 2.26e-07 -5.152542372881356
17 17503206 a g -0.0172 0.006 0.004317 -2.8666666666666667
17 17837354 t c 0.0292 0.0058 5.319e-07 5.03448275862069
17 17754633 t c -0.0301 0.0059 3.485e-07 -5.101694915254237
17 18009102 a g -0.0301 0.0059 2.865e-07 -5.101694915254237
17 17572544 t c 0.0246 0.0057 1.809e-05 4.315789473684211
17 17884660 a g 0.0281 0.006 3.288e-06 4.683333333333334
17 17651214 t c -0.0247 0.0059 3.002e-05 -4.186440677966102
17 17852104 c g 0.0294 0.0058 4.817e-07 5.06896551724138
17 17520672 c g -0.0237 0.0061 9.135e-05 -3.885245901639344
17 17970229 t c 0.031 0.0061 3.283e-07 5.081967213114754
17 17845800 a t -0.0301 0.0059 2.834e-07 -5.101694915254237
17 17734740 a g -0.0303 0.006 3.927e-07 -5.05
17 18032160 a g 0.0208 0.0058 0.0003571 3.586206896551724
17 17731651 t c 0.0317 0.0059 9.281e-08 5.372881355932203
17 17995166 t c -0.0308 0.0059 1.878e-07 -5.220338983050848
17 18233272 t g -0.0174 0.0066 0.008476 -2.6363636363636362
17 17546785 a g -0.0236 0.0062 0.0001374 -3.806451612903226
17 18019510 c g -0.0227 0.0075 0.002486 -3.026666666666667
17 17509010 a c 0.0169 0.006 0.004864 2.8166666666666664
17 17870974 t g 0.0255 0.0061 2.432e-05 4.1803278688524586
17 17385990 a c -0.0172 0.0063 0.006022 -2.7301587301587302
17 18146721 a c -0.019 0.0066 0.004026 -2.878787878787879
17 17851162 t c 0.0289 0.0059 7.924e-07 4.898305084745763
17 17709136 a g -0.0281 0.006 3.229e-06 -4.683333333333334
17 18244613 t c -0.0175 0.0066 0.00784 -2.651515151515152
17 17900990 t c -0.0287 0.006 1.706e-06 -4.783333333333333
17 17849671 t c 0.0293 0.0058 5.415e-07 5.051724137931035
17 18018263 a c 0.0306 0.006 3.693e-07 5.1
17 18031368 a g -0.0192 0.0058 0.0009759 -3.310344827586207
17 17924060 t c 0.0288 0.0059 1.218e-06 4.88135593220339
17 17715317 c g 0.0294 0.0059 7.564e-07 4.983050847457627
17 17834119 a g -0.0292 0.0058 5.448e-07 -5.03448275862069
17 17573037 t c -0.0255 0.0058 9.248e-06 -4.3965517241379315
17 18255566 t g -0.0206 0.0066 0.001928 -3.121212121212121
17 17728574 t c 0.0302 0.006 4.068e-07 5.033333333333333
17 17992330 a g 0.0294 0.0091 0.001205 3.2307692307692304
17 17984162 a g -0.0296 0.006 9.237e-07 -4.933333333333334
17 17716531 a g 0.0278 0.0059 3.007e-06 4.711864406779661
17 18194011 a c 0.0172 0.0066 0.008843 2.606060606060606
17 17826020 a g -0.0297 0.0058 3.669e-07 -5.120689655172415
17 17896673 a c -0.0317 0.0061 1.751e-07 -5.196721311475409
17 17860546 t c -0.0297 0.0059 4.146e-07 -5.033898305084746
